opers=[1007 1009 1011 1013 1015 1017 1019 1021 1023 1025 1027 1029 1031 1033 1035 1037 1039 1041 1043 1045 1047 1049 1051 1053 1055 1057 1059 1061 1063 1065 1067 1069 1071 1073 1075 1077 1079 1081 1083 1085 1087 1089 1091 1093 1095 1097 1099 1101 1103 1105 1107 1109 1111 1113 1115 1117 1119 1121 1123 1125 1127 1129 1131 1133 1135 1137 1139 1141 1143 1145 1147 1149 1151 1153 1155 1157 1159 1161 1163 1165 1167 1169 1171 1173 1175 1177 1179 1181 1183 1185 1187 1189 1191 1193 1195 1197 1199 1201 1203 1205 1207 1209 1211 1213 1215 1217 1219 1221 1223 1225 1227 1229 1231 1233 1235 1237 1239 1241 1243 1245 1247 1249 1251 1253 1255 1257 1259 1261 1263 1265 1267 1269 1271 1273 1275 1277 1279 1281 1283 1285 1287 1289 1291 1293 1295 1297 1299 1301 1303 1305 1307 1309 1311 1313 1315 1317 1319 1321 1323 1325 1327 1329 1331 1333 1335 1337 1339 1341 1343 1345 1347 1349 1351 1353 1355 1357 1359 1361 1363 1365 1367 1369 1371 1373 1375 1377 1379 1381 1383 1385 1387 1389 1391 1393 1395 1397 1399 1401 1403 1405 1407 1409 1411 1413 1415 1417 1419 1421 1423 1425 1427 1429 1431 1433 1435 1437 1439 1441 1443 1445 1447 1449 1451 1453 1455 1457 1459 1461 1463 1465 1467 1469 1471 1473 1475 1477 1479 1481 1483 1485 1487 1489 1491 1493 1495 1497 1499 1501 1503 1505 1507 1509 1511 1513 1515 1517 1519 1521 1523 1525 1527 1529 1531 1533 1535 1537 1539 1541 1543 1545 1547 1549 1551 1553 1555 1557 1559 1561 1563 1565 1567 1569 1571 1573 1575 1577 1579 1581 1583 1585 1587 1589 1591 1593 1595 1597 1599 1601 1603 1605 1607 1609 1611 1613 1615 1617 1619 1621 1623 1625 1627 1629 1631 1633 1635 1637 1639 1641 1643 1645 1647 1649 1651 1653 1655 1657 1659 1661 1663 1665 1667 1669 1671 1673 1675 1677 1679 1681 1683 1685 1687 1689 1691 1693 1695 1697 1699 1701 1703 1705 1707 1709 1711 1713 1715 1717 1719 1721 1723 1725 1727 1729 1731 1733 1735 1737 1739 1741 1743 1745 1747 1749 1751 1753 1755 1757 1759 1761 1763 1765 1767 1769 1771 1773 1775 1777 1779 1781 1783 1785 1787 1789 1791 1793 1795 1797 1799 1801 1803 1805 1807 1809 1811 1813 1815 1817 1819 1821 1823 1825 1827 1829 1831 1833 1835 1837 1839 1841 1843 1845 1847 1849 1851 1853 1855 1857 1859 1861 1863 1865 1867 1869 1871 1873 1875 1877 1879 1881 1883 1885 1887 1889 1891 1893 1895 1897 1899 1901 1903 1905 1907 1909 1911 1913 1915 1917 1919 1921 1923 1925 1927 1929 1931 1933 1935 1937 1939 1941 1943 1945 1947 1949 1951 1953 1955 1957 1959 1961 1963 1965 1967 1969 1971 1973 1975 1977 1979 1981 1983 1985 1987 1989 1991 1993 1995 1997 1999 2001 40020 39961 39907 40103 40009 40015 40166 40167 40103 39739 40250 40191 40242 40053 40209 40300 40151 40362 40378 40174 40360 40481 40387 40503 40214 40295 40431 40492 40093 39879 40600 40206 40597 40733 40449 40620 40726 40162 40748 40839 40470 40741 40792 40563 40884 40690 40446 40142 41048 40494 40315 40106 40862 41098 41004 41090 40411 40427 41148 41074 40655 40881 41272 41293 41184 40245 41286 41202 40388 41404 40905 40791 40757 41573 41489 41445 40531 40757 40808 41229 40735 41456 41562 40923 41479 41295 41571 41342 41383 41359 41020 40926 41837 40998 41484 40795 41916 41632 41243 41179 40715 41466 40825 41993 41369 41580 41741 41787 42243 41044 40650 42031 41442 41253 41989 41065 41676 40962 41833 40879 41180 42526 41277 41013 41744 41595 41676 41982 41098 41089 41385 42596 42187 40898 42099 41585 41711 42532 40408 41329 41275 41436 41802 41088 41369 41395 42756 41782 41988 41954 41150 42571 41102 41828 41699 41900 42026 42107 41628 42294 41645 41726 42202 42158 41204 42825 41876 42722 41673 43319 41025 41856 42557 42298 42389 42225 41941 41757 41763 43059 40810 42216 40657 41518 42224 41255 41496 42957 42998 42534 42145 41891 42652 43573 41394 42305 42476 41647 41793 41844 41950 41771 42482 42478 42359 41665 41951 41342 41678 42774 42390 42336 41372 41923 42119 41965 42226 42512 42993 42194 41705 42016 41632 42998 42774 41460 41816 42742 41318 42669 42665 42361 41837 42088 42779 42575 42511 42252 41388 42769 41675 42381 42517 42038 42214 42235 43576 42357 41578 42304 43030 42421 42557 43338 42139 42660 41916 42307 42103 42139 43035 42866 43177 41868 42239 42435 42846 43257 43203 42209 43365 42546 43397 41658 43219 43035 42291 42207 42443 42904 43155 41506 42912 42328 42214 42090 42181 41487 42353 41969 42020 42696 42772 42293 42444 42080 43296 42462 42953 42714 42225 43721 42287 42988 42209 42035 43411 43167 42223 43024 42975 42526 42357 42813 42894 41740 43136 42792 43213 42219 42185 43171 43792 43118 42764 42720 43376 42272 42788 42159 42430 42456 42402 43253 43099 42985 42896 43697 43713 43004 43225 43046 43212 42633 42939 42620 43531 43157 42698 42959 43585 42776 43092 43398 42279 43355 42656 42912 42383 43319 43475 42966 43382 42373 43274 43765 43356 44102 42628 43229 44065 43616 43212 43143 43244 42535 43321 42627 43528 43359 43625 43126 43137 43418 43534 42470 43106 43442 42783 43344 42455 43771 43067 42933 43269 43608 42991 43847 43208 43439 43465 43771 43307 43468 43424 43495 43556 42702 42828 43899 43275 43516 43172 43818 43264 43435 43361 43942 43653 43589 43293 43286 43822 43438 42984 43365 43231 43777 43333 42989 43590 43436 43752 43343 43109 44175 42876 43752 43843 43679 42955 43631 43962 43968 43829 43710 43666 43187 43768 43494 43335 43751 43912 43593 44194 43895 44116 44382 44063 44269 43290 43541 43207 43458 43414 43930 44271 44032 44458 43799 43295 43941 44212 44208 44199 43710 43776 43782 44818 44254 43905 44401 43847 44428 43934 44375 43856 43322 44063 43954 44090 44906 44377 43663 44494 43980 44116 44032 43963 44569 44365 43641 44287 44298 44189 44295 43811 44622 43638 43969 44195 44676 44080 44303 44814 44455 45121 44147 45143 44459 44840 44081 44092 45218 44419 44465 44201 44652 43793 44434 44295 44121 44612 44203 44339 44200 44271 44437 43988 44169 44100 44671 44327 44798 44769 43970 44911 44632 44778 44329 44770 44271 44687 44333 45299 44655 44681 44982 44808 44779 44465 44711 44477 45303 45054 44360 44306 45262 44538 45439 44820 44836 44782 44953 44789 44930 45341 45535 44633 44654 45035 44851 44847 45213 44824 44825 44676 45027 44968 44829 44870 44741 45627 45253 45009 45575 45411 44757 44798 45209 45305 45456 45397 45213 45014 45340 45081 45017 45238 44904 45000 45031 45542 45273 45414 45910 45506 45492 45523 45079 45175 45181 45752 45888 45149 45105 45021 45327 45263 45069 45355 45636 45122 46003 45344 45225 46021 46222 45403 45954 45880 45086 45467 45683 45429 45735 44746 45932 45943 46134 45660 45536 45592 45308 45629 45430 45666 46027 45553 45779 45780 45851 46057 45583 46009 45705 45966 46117 45928 46444 46290 46371 45797 46123 45999 46280 46481 45737 46123 45784 46075 45481 45947 45943 46324 46050 46051 46667 45888 46349 46070 46171 45957 46223 46494 46170 46341 46532 46933 46279 46170 46486 46177 46568 46264 46060 46411 46387 47273 46004 46620 46381 47042 46103 46539 45990 46136 46517 46683 46329 46485 46601 46010 46388 46274 46045 46696 46962 46388 46154 46715 47206 46627 46608 46584 46885 46576 46577 46563 47074 45955 46361 46327 46843 46474 46335 46456 46827 46663 46749 47515 47001 47152 46878 47469 46815 46981 47087 46968 46614 46685 47186 46767 46998 47204 46310 47051 47167 47508 47024 47415 47141 46922 47283 47519 47100 46936 47242 46998 47274 46945 47551 47457 47068 47234 46925 47341 47157 47378 47389 47210 47091 47562 47593 47194 46885 47281 47167 47128 47437 47065 47256 47377 47893 47784 47385 47571 47897 47598 47299 47905 46861 47582 47798 47399 47235 47546 47837 47253 47824 47670 47511 47702 48263 48044 47755 47896 48017 47793 47719 48110 47441 47987 47551 47789 47665 47681 48312 47638 47934 48100 47786 47742 47833 48374 48145 47706 48392 47938 48219 47865 48071 47752 48068 48269 48035 47911 47852 47918 48519 47795 47786 48067 48508 48209 48050 48316 48617 48593 48239 48235 48321 48607 48943 48229 48390 48306 48277 48348 49089 48880 48571 48472 48358 48644 48810 48776 48472 48908 48859 48290 48666 48302 48683 48494 48405 48591 48557 48238 48554 48590 48521 48832 48858 48674 49030 48611 48797 48838 48849 49210 48721 49052 48803 49164 48740 48811 