tiemposConstructiva = [
0.00019387938969897013358
0.00012236192029992638375
0.00015029843178392785657
0.00015951748057364833772
0.00041932703737486187777
0.00041485719553742167898
0.00055230483203870886239
0.00071852707536851747119
0.00097107313918389068143
0.0021583748772539528699
0.0020351748616095062354
];

tiemposExacto = [
0.00020561272452225074349
0.00012599366679284657576
0.00018801272228732981507
0.00025701590565281340903
0.0014476700251009554619
0.0014487874855603156878
0.0028065019436827863021
0.0046992005967238853134
0.006700292914322909972
0.12003313270262003232
0.11686541166544910098
];

tiemposGrasp = [
0.00020086351756997048823
0.00012320001564444641763
0.00037295242831141944264
0.00068863500808063592834
0.0080594041980195808145
0.006303873816364929418
0.016284471909139289908
0.028006632127826301681
0.043088437217579329819
0.078641279827464105612
0.098370602967695619512
];

tiemposLocal = [
0.00022488891744621173968
0.00013102223885996683327
0.00018968891297636990994
0.00023243177554689212596
0.00078110486109268079634
0.00074031755432603862325
0.0016446224310631659456
0.0021497145586939123661
0.0027925336879407857554
0.0044433021515304319676
0.0073118231507077018072
];
