tiemposConstructiva = [
0.00019527621527317019908
0.00017544129211952917127
0.00014135874810904737768
0.00028439368690713482312
0.00028104130552905468758
0.00057493340634075002123
0.00058582864581951054304
0.0012049017403049828729
0.0012582604772394256898
0.0022659304464673580767
0.0022910733068029595812
];

tiemposExacto = [
0.00023299050577657215758
0.00020449526406289068024
0.00022740320347977186844
0.00089927630467000695645
0.00066209532217083452103
0.0041938291039782986738
0.012361626966555804702
0.77992174983133333299
0.83284802956800374485
26.120051850165314278
24.324665285671780879
];

tiemposGrasp = [
0.00020226034314417055374
0.00049028577654422554177
0.00035367623538745847356
0.0027447622533031432006
0.0032367242205364088643
0.012152103130425794333
0.016182224277107845611
0.082224975520631807258
0.030471191170944909171
0.1905884686461547517
0.090074297152291704638
];

tiemposLocal = [
0.00022628574302041180519
0.0002151111384268112269
0.00016985398982272885502
0.00043860323029882290107
0.00045704132787826386337
0.001238425554085784662
0.0016831748169110877754
0.0086617153856146517077
0.0038594290615148016572
0.0072430993324570577818
0.0070489405776432475376
];
