operConPoda=[47
80
139
173
380
636
795
1646
2035
6588
11931
22471
22278
47081
104477
130543
352554
848239
930815
3380791
8249370
9870481
16207364
55074362
104041767
97741683
168728892
810647973
1542639712
1941791009
5022916022
5465551410];

operSinPoda=[34
83
176
357
714
1423
2836
5657
11294
22563
45096
90157
180274
360503
720956
1441857
2883654
5767243
11534416
23068757
46137434
92274783
184549476
369098857
738197614
1476395123
2952790136
5905580157
11811160194
23622320263
47244640396
94489280657];