opers=[84887 84943 84999 85055 85111 85167 85223 85279 85335 85391 85447 85503 85559 85615 85671 85727 85783 85839 85895 85951 86007 86063 86119 86175 86231 86287 86343 86399 86455 86511 86567 86623 86679 86735 86791 86847 86903 86959 87015 87071 87127 87183 87239 87295 87351 87407 87463 87519 87575 87631 87687 87743 87799 87855 87911 87967 88023 88079 88135 88191 88247 88303 88359 88415 88471 88527 88583 88639 88695 88751 88807 88863 88919 88975 89031 89087 89143 89199 89255 89311 89367 89423 89479 89535 89591 89647 89703 89759 89815 89871 89927 89983 90039 90095 90151 90207 90263 90319 90375 90431 90487 90543 90599 90655 90711 90767 90823 90879 90935 90991 91047 91103 91159 91215 91271 91327 91383 91439 91495 91551 91607 91663 91719 91775 91831 91887 91943 91999 92055 92111 92167 92223 92279 92335 92391 92447 92503 92559 92615 92671 92727 92783 92839 92895 92951 93007 93063 93119 93175 93231 93287 93343 93399 93455 93511 93567 93623 93679 93735 93791 93847 93903 93959 94015 94071 94127 94183 94239 94295 94351 94407 94463 94519 94575 94631 94687 94743 94799 94855 94911 94967 95023 95079 95135 95191 95247 95303 95359 95415 95471 95527 95583 95639 95695 95751 95807 95863 95919 95975 96031 96087 96143 96199 96255 96311 96367 96423 96479 96535 96591 96647 96703 96759 96815 96871 96927 96983 97039 97095 97151 97207 97263 97319 97375 97431 97487 97543 97599 97655 97711 97767 97823 97879 97935 97991 98047 98103 98159 98215 98271 98327 98383 98439 98495 98551 98607 98663 98719 98775 98831 98887 98943 98999 99055 99111 99167 99223 99279 99335 99391 99447 99503 99559 99615 99671 99727 99783 99839 99895 99951 100007 100063 100119 100175 100231 100287 100343 100399 100455 100511 100567 100623 100679 100735 100791 100847 100903 100959 101015 101071 101127 101183 101239 101295 101351 101407 101463 101519 101575 101631 101687 101743 101799 101855 101911 101967 102023 102079 102135 102191 102247 102303 102359 102415 102471 102527 102583 102639 102695 102751 102807 102863 102919 102975 103031 103087 103143 103199 103255 103311 103367 103423 103479 103535 103591 103647 103703 103759 103815 103871 103927 103983 104039 104095 104151 104207 104263 104319 104375 104431 104487 104543 104599 104655 104711 104767 104823 104879 104935 104991 105047 105103 105159 105215 105271 105327 105383 105439 105495 105551 105607 105663 105719 105775 105831 104532 105943 105999 106055 106111 106167 106223 106279 106335 106391 106447 106503 106559 106615 106671 106727 106783 106839 106895 106951 107007 107063 107119 107175 107231 107287 107343 107399 107455 107511 107567 106165 107679 107735 106329 107847 107903 107959 108015 108071 108127 108183 108239 108295 106931 108407 108463 108638 108575 108631 108687 108743 108799 108855 108911 108967 109023 107553 109135 109191 109247 109303 109359 109415 109471 109527 109583 109639 109695 109751 108227 109863 109919 108411 110031 110087 110143 110199 110255 110311 110367 110497 110479 110579 110655 110647 110703 110759 110815 110871 110927 111032 111039 109451 111151 111207 111263 111319 111375 111431 111487 111543 111599 111655 111711 111767 111823 111879 111935 111991 112047 112103 112159 112215 112271 112327 112383 112439 112495 112551 112607 112663 112719 111036 112870 111152 112943 112999 113055 113111 113167 113223 113279 113335 113470 113447 113503 113559 111846 113671 113727 113783 113903 113895 113951 114007 112245 114119 114224 114231 114346 110040 114399 114455 114511 114567 114623 114679 114735 114830 114847 114903 113160 115015 115125 115181 115183 113378 115295 115351 113527 113565 115568 115575 111177 115687 113860 115799 115855 115911 115967 116023 116079 114191 116191 116247 116303 116359 116415 114616 116571 114660 116673 116695 116751 114914 116922 116919 112368 117080 117121 117143 115198 112568 117311 117440 115415 115523 115635 115631 117647 117747 117759 117815 113137 115907 117983 116028 118095 118151 113461 116220 118363 118375 116451 118487 116510 118653 118655 118750 118767 116780 113999 114093 116919 119116 117097 117083 119215 119271 117314 119496 117395 117458 114592 114636 117654 117593 119824 119831 117839 117825 120121 118003 120155 120270 115165 118143 120335 120391 115436 120596 118519 120683 118541 118589 120783 118703 120944 118826 121071 115920 121119 116068 116187 119149 119182 119339 119241 119351 121616 116535 119510 119511 121845 119706 122016 121959 116833 119913 116881 122183 120003 120234 120243 120358 117160 120384 120296 120381 120652 120586 120679 120772 120666 117736 123072 117754 117743 120946 117906 118035 118004 121183 121238 123527 121391 123766 118498 123751 118326 123863 118439 118563 124164 118516 121822 118779 124402 118787 124445 118910 119089 118953 124664 122257 119265 119254 122453 124871 119391 124983 119619 125217 119602 125280 119660 122940 125448 119732 123156 119855 119944 120153 120247 120241 120100 120134 120263 126153 120361 120515 123792 120623 123841 120711 124026 120669 120918 120712 124199 126663 121009 124430 121202 124543 121185 121274 121273 121222 121391 121455 121604 121448 127464 121566 121680 121759 125138 125282 121891 122055 121899 122078 122227 122201 122105 122064 122318 122437 125749 122445 128605 128523 122627 122801 122600 122789 122728 122872 126412 122990 126521 123163 123137 123006 123360 126722 123243 123417 123281 123335 123464 123623 123562 123666 123640 123754 123708 124047 123721 123985 124019 124113 124082 124051 124040 127831 124363 124435 124516 124460 124429 124753 124512 124511 124600 124734 124823 124882 125011 125170 125074 124928 124982 125076 125395 125329 125223 125282 125461 125560 125424 125523 125672 125456 125645 125929 125778 126032 125956 126105 126169 126138 126277 126191 126355 126329 126318 126302 126526 126395 126619 126698 133113 126596 126785 126719 126818 127002 127376 126815 127064 127043 127232 127246 127295 127469 127768 127402 127551 127365 127649 127613 127647 127711 128065 127794 127818 127802 127911 127995 128089 127818 128107 128151 128280 128604 128418 128737 128506 128395 128829 128873 128747 ];