m_consol = [14022 8;16268 8;17036 6;15952 8;16877 6;15306 8;15177 6;14379 7;15624 6;13311 8;14334 8;15949 6;13651 8;16795 6;14883 7;16730 6;13183 7;14379 7;16413 6;13733 7;14467 7;13042 7;17026 7;14876 7;15444 7;13433 8;14692 8;17125 7;16738 7;14589 7;15902 8;14356 7;13170 8;17127 7;16205 6;14852 7;16205 7;15794 7;14983 7;15045 7;15377 7;15876 7;17062 6;13714 7;14635 8;15183 7;16890 6;15538 7;14458 8;15036 7;14502 7;16891 8;15994 7;15697 7;15874 7;15892 7;13757 7;17137 7;16591 6;17121 7;12984 8;15237 6;15129 7;16995 7;16176 8;13771 8;13249 9;16483 59;14332 11;16003 11;16155 6;17035 70;16726 6;15274 7;15170 7;14270 7;13996 8;12789 7;13659 7;16982 6;14489 7;16208 7;14583 8;16063 7;14617 8;15460 7;13734 8;14292 7;15933 12;16588 11;14863 12;15996 12;16914 7;13084 8;14225 7;16744 7;14700 7;15538 9;13463 7;13888 9;16931 7;14365 7;15092 7;12379 7;16834 6;16647 6;13577 8;16922 6;14082 8;16055 6;15715 7;16351 7;17203 6;16429 7;14937 7;16313 7;15032 7;16688 7;14541 8;13804 8;16481 9;15212 7;16499 7;17053 7;14125 7;15643 8;14474 7;17156 6;16839 12;14638 7;14971 7;15217 7;14421 7;13389 8;17048 6;13730 7;13624 7;14987 20;16048 7;14548 7;15768 6;16120 8;15381 6;15817 8;16990 6;16506 6;15871 7;16140 8;17263 22;15226 6;14177 10;15620 6;16867 8;15775 7;17024 6;14439 7;12850 10;15283 7;14040 7;15902 7;17004 7;17077 6;15141 7;16955 7;14413 7;13757 8;15938 7;15805 7;17061 7;17102 6;15408 7;13254 7;14925 7;17218 6;14427 9;15569 7;13243 7;14955 7;16595 6;16506 7;15970 6;17169 19;15801 7;16543 7;14951 7;13444 8;15943 7;16942 6;16000 8;15589 7;15111 7;16877 6;15864 7;15311 7;15903 7;16269 7;14427 7;14177 7;14220 8;16099 7;13119 9;17064 7;14300 8;12434 8;12994 8;15153 7;15584 7;14216 7;13953 7;15396 7;16085 6;15985 7;14300 7;15083 7;17142 7;14071 15;16198 7;17111 6;16245 6;13814 8;13138 7;16314 7;14411 7;16891 7;15817 6;15297 7;14356 7;16418 6;15174 6;16510 7;15239 9;16494 6;14466 7;15769 7;14153 8;12619 8;16189 7;13242 7;14083 8;17095 7;15346 7;16890 7;15419 6;15558 21;16687 7;15744 7;13669 7;16587 6;14855 7;16742 7;15283 7;16748 7;15542 7;16508 7;16626 7;15448 6;15222 7;13552 8;15555 7;15408 7;16825 6;17127 7;14584 6;16272 8;13435 7;16127 6;16588 7;13867 7;15075 7;15015 7;15877 7;17099 7;16238 6;13266 7;13273 8;14097 7;15443 7;16326 7;16395 7;14221 8;14607 7;14030 8;14311 8;13983 8;16165 7;13218 7;16744 7;14955 7;14607 7;12898 7;16728 7;16224 6;15752 7;14588 7;14332 8;13937 8;16711 6;17247 7;17193 6;13474 8;13517 7;15784 7;16212 7;16362 8;14539 8;13973 8;16838 7;16728 6;14888 20;14078 7;16717 7;16250 7;16557 7;16788 6;16397 9;13293 7;14747 8;15442 6;16007 7;16757 7;15330 8;15315 7;17041 7;15851 7;17049 6;15835 7;16854 7;16232 7;15466 7;17209 6;12788 9;14669 8;13298 8;16933 7;16203 7;15937 7;13777 7;15445 7;14577 7;13881 7;16039 7;14639 7;16554 7;16930 6;16822 6;17073 7;13834 8;16729 15;13474 8;17060 6;15827 6;15580 7;15624 7;16623 7;15502 7;14013 7;15647 8;13543 7;17097 6;15583 7;16845 6;16971 6;15544 6;15957 6;16803 6;14961 8;15937 7;16211 7;16053 7;17113 6;17097 6;15206 7;14412 7;15782 7;15488 7;16706 7;16669 6;16420 7;13671 8;16431 7;14004 8;13457 7;17036 7;16647 7;15968 8;15062 6;14483 7;17049 7;13325 7;14924 7;14140 7;16220 7;15896 7;15502 6;13318 8;13214 7;16799 7;17150 6;14821 7;16034 6;13456 7;15231 7;16031 9;13592 7;14454 7;15810 7;16801 7;16845 6;14308 8;13697 8;16748 7;14498 7;17139 6;16311 7;13703 7;13301 8;13698 7;13964 7;17014 7;16160 6;15614 7;15538 7;16394 7;13166 8;14178 7;16621 6;13403 7;13428 7;15939 6;16224 7;17214 7;17093 6;13596 8;16925 6;16503 7;15241 6;17125 7;15325 7;16256 7;16011 7;15368 7;15861 7;14726 7;14404 7;16982 6;16891 6;16532 7;13152 8;16617 7;16770 7;16001 6;16929 6;17195 7;16063 7;15331 7;16644 7;16916 7;13201 8;15782 7;13863 8;17209 6;16615 7;15183 7;15956 6;13382 7;15174 7;14916 7;15636 7;16650 19;16115 8;16285 7;15877 7;13357 7;17027 6;15436 20;15410 9;14916 8;16057 7;15619 7;16744 8;16756 7;15452 6;15391 7;16767 7;13056 7;14960 6;17230 7;17299 8;13226 7;15523 7;13413 7;15812 8;15893 7;15306 7;12827 8;14084 10;17124 9;12866 7;14572 7;14675 7;13041 9;17187 6;14664 8;15626 7;17069 7;16013 7;16780 7;16786 6;14156 8;13993 8;14449 8;14191 8;16801 7;15592 7;16657 7;16317 15;16769 8;16601 7;16448 6;15940 7;14105 7;14039 8;17131 7;13154 7;14020 9;15263 7;16485 7;15755 6;14026 7;13159 7;15730 7;16088 6;17145 6;14326 7;16992 7;16484 6;16116 6;14400 7;15145 7;15643 7;17074 7;16574 8;13260 7;15154 7;16129 7;13763 7;16430 6;16369 6;16698 7;13606 8;13807 8;14687 7;17045 7;16086 6;16342 6;14283 7;15971 6;16000 7;15026 8;15309 7;15207 20;14651 7;16584 6;14175 8;15185 7;14016 7;14507 8;16724 7;16539 7;16632 7;14714 6;15268 6;16182 7;16736 6;17206 7;13409 9;12291 8;13074 8;15736 7;16442 6;16396 7;15637 7;14097 8;16657 6;13456 7;16711 7;14957 7;16321 7;14911 7;16785 6;14300 7;15196 20;16859 7;17085 10;15376 7;17157 7;17162 6;15252 8;14468 8;13315 7;16149 7;15796 6;16126 7;16920 7;17126 6;15274 7;14417 7;14260 7;16968 6;16762 7;16971 6;15287 7;16899 6;15955 7;16580 6;14364 7;17103 6;16482 7;14781 7;16894 6;16302 6;15051 8;16194 7;16276 7;14726 7;16476 7;16685 7;14496 7;15673 7;15562 6;14738 7;17196 7;14899 7;15943 7;16679 7;13785 7;17105 7;15649 7;13312 7;17103 6;12885 8;15583 7;15603 7;14438 7;15477 7;16614 6;13661 7;15671 7;16775 6;13119 8;14738 8;13070 8;16019 7;16847 7;13894 7;15235 7;16687 13;15531 7;16002 6;14359 6;16679 22;15192 8;13289 8;15177 7;15935 6;15891 7;15075 7;13719 8;15511 7;16298 6;17048 7;13348 7;15706 6;13775 8;14948 7;14808 57;15293 11;12683 16;17003 8;15732 8;15449 7;14978 31;16649 7;14232 7;16154 6;14631 7;14916 8;15986 7;16360 6;14949 7;13441 7;16041 6;15155 7;16909 6;14196 7;13364 8;16434 7;16145 6;14674 7;16452 7;16703 7;15282 6;14939 7;14681 8;13458 8;15829 6;15921 7;14297 7;15263 7;13820 7;16151 7;15121 8;15977 6;16507 6;14678 7;14384 6;13939 7;15913 7;17119 6;13569 7;14137 7;15453 7;15021 7;16413 6;15931 7;16556 7;16857 7;16886 7;15948 6;13775 7;17136 7;16137 6;14751 8;13122 8;16118 7;14841 8;16628 7;15485 6;17120 7;16427 7;16958 6;17015 6;16994 6;14888 22;16005 7;16747 6;16487 9;14713 7;14697 8;16621 6;12873 8;15376 6;16154 7;13618 7;14338 7;14734 7;17181 6;13710 7;12857 8;13602 8;16833 7;15963 8;15116 6;15286 7;14446 7;16797 7;16967 6;15595 7;12438 7;13840 7;15656 8;15545 8;15592 7;15332 7;16452 7;16811 7;16054 6;15112 7;15122 7;14626 7;15524 7;15071 7;15142 7;16353 7;15457 7;13853 8;12954 7;12780 21;14982 8;17000 7;16690 7;16973 7;14945 8;15342 7;16808 7;16908 6;15184 8;14057 7;14873 20;15515 7;14209 7;16433 6;16467 6;12766 7;16892 7;16651 7;12995 7;13804 9;16474 7;14683 8;13303 7;16372 6;16364 7;16378 6;14958 7;16955 7;16485 7;16926 6;16172 7;15413 6;14120 8;16950 6;16954 7;16507 7;15114 7;16205 7;16476 6;15893 7;14716 8;16839 7;15252 7;12672 7;16708 7;16741 7;16620 7;16984 6;16764 8;17223 7;17066 7;16133 8;16066 6;14709 7;16947 6;13166 7;14963 7;17187 7;16829 7;15014 7;14030 7;15347 7;15838 7;13458 7;16149 7;16951 6;16475 7;13806 7;14618 7;15020 7;15706 7;16473 6;14180 7;16545 7;13648 7;14837 7;14008 8;17047 6;17151 7;14358 7;13895 7;15839 7;17172 7;15395 7;12904 21;15830 7;16075 7;14330 7;17166 7;13147 7;14736 7;16069 7;16190 6;15835 6;14181 8;16987 7;16159 6;16497 7;17221 7;16823 7;17033 6;16339 6;16556 7;13594 7;14855 7;17098 6;14075 7;16881 6;12881 7;14903 7;16533 7;15289 7;14049 7;14408 8;15443 7;16550 6;16093 20;15104 7;14888 7;15701 19;14051 7;16143 7;14030 7;16526 7;15139 7;16625 7;15238 7;16688 6;16991 7;15944 7;14964 7;13539 8;16857 6;16449 7;13197 7;14388 20;15661 7;16869 7;16168 7;14270 7;15051 6;14713 7;16639 6;16652 7;15957 7;16402 6;14749 7;13821 8;14624 8;16645 7;16463 7;14074 7;13842 8;14339 7;13957 8;16658 7;13984 8;15507 7;14242 7;17094 7;13483 7;14116 7;16504 6;16399 23;17144 7;16641 7;14003 7;15097 8;15942 7;15379 7;14467 7;14763 7;17233 6;16123 8;14377 7;16132 7;16018 7;13774 7;15439 8;16771 7;13533 8;13699 8;16849 7;13475 7;14092 7;16820 8;14127 7;15441 7;16874 6;17098 7;13652 7;15922 7;16171 7;17003 6;14659 8;15089 7;15382 7;16748 7;16453 7;15925 6;14349 8;17117 7;15349 7;17054 7;16492 7;