m_consol = [7870 6;7296 5;7957 6;10407 6;11618 6;10620 6;10863 6;12090 6;5375 6;10164 6;7385 7;9253 7;8667 6;7439 12;6207 6;4929 65;2318 12;7267 5;7656 6;9091 6;1898 49;7052 6;12099 6;11606 6;5422 126;2125 5;8633 105;10499 6;10136 5;7693 115;10835 6;3547 5;3697 6;5284 6;8836 6;9252 6;10872 5;4988 6;10599 6;11758 7;12412 6;6558 6;4343 5;6571 5;11794 6;6356 6;3962 8;7374 6;10966 6;2252 5;8732 5;8632 6;11074 6;12163 6;1840 6;3784 6;6238 6;10799 6;2434 5;7679 7;10106 6;7900 6;10150 6;4409 7;1265 6;9698 6;11222 6;3779 6;10855 6;11044 6;3052 6;3622 5;6395 1123;5561 37;4734 6;8871 7;11428 6;2753 201;11670 6;10920 5;11260 7;12517 7;11794 6;12005 6;295 6;704 6;11074 10;3289 6;10145 25;7370 6;4426 6;5576 5;1629 6;8905 7;6500 6;6001 6;12249 5;10405 7;5200 6;5367 7;11991 7;11042 6;7214 6;11232 5;7715 7;6846 6;12591 11;5414 6;8306 6;5144 7;1258 2233;2287 6;7285 5;1813 5;4421 5;10625 250;767 6;9329 154;3700 5;4651 5;11211 6;3506 6;8144 6;9739 6;8723 7;4559 6;5736 6;4415 5;4446 6;11835 7;6275 6;11479 7;2303 6;11816 7;11856 6;6193 6;8237 6;3513 6;10442 6;7862 6;3544 5;10314 5;7403 6;8879 5;1275 6;11501 6;756 6;12028 6;829 6;1050 6;11280 6;10529 6;7659 5;6369 6;1961 5;663 6;7482 6;5294 6;11648 6;11713 5;12056 6;6508 5;3276 269;3215 5;10185 6;8967 6;9399 6;10205 6;12286 6;2450 6;8975 6;12314 6;8292 6;12427 6;4099 6;2552 5;1812 6;8325 5;12105 6;11136 6;5384 6;6362 6;3574 6;11439 7;11662 6;3428 6;12550 6;9820 6;2282 5;11797 6;8251 5;5307 5;6458 6;12368 6;9424 6;3424 164;3134 5;11882 6;8221 7;205 6;6270 6;1894 5;5400 6;5183 5;10439 6;10863 5;11748 6;11325 5;12370 6;6834 6;5876 5;3952 5;6211 5;10035 6;3830 5;6690 7;4542 5;11086 6;7716 6;4293 8;9764 6;10584 5;5849 6;6408 5;2005 6;10579 6;5904 6;11669 7;5711 7;10980 8;9167 6;8355 6;2849 6;3994 7;1444 5;8024 6;2332 6;10822 6;6448 5;9258 6;1637 48;12197 6;11736 6;7404 6;11514 6;9432 7;2918 5;10883 5;3585 6;5883 6;2473 6;10355 333;6898 6;11230 6;9150 14;2095 7;11846 6;3501 7;9905 6;4657 6;11235 6;3955 5;11999 7;9363 6;5106 7;1442 7;3238 5;1735 5;2380 5;6755 6;10241 6;8227 6;8406 7;10764 6;12348 7;7531 5;9047 6;12052 6;5894 6;3134 6;3955 453;2244 6;11792 6;7531 5;4086 7;4956 5;2483 5;8921 6;2662 5;3990 6;12256 6;10953 6;3131 5;6384 6;3330 6;4021 7;6678 6;1728 6;11502 6;4424 5;364 11;8139 5;9373 6;10159 5;3593 6;8950 11;10327 6;4751 5;11854 6;10032 6;8801 6;9895 6;2589 6;7432 7;6030 19;6569 7;12266 6;12457 9;5156 5;2464 5;4960 6;2939 6;6858 6;10007 6;804 6;10879 6;12617 12;1752 7;2283 5;5907 6;12530 6;11105 6;10811 5;4213 5;2407 5;6139 5;5854 5;9748 6;400 6;11675 7;3680 6;10373 5;12193 6;5229 6;5168 6;4730 6;431 6;2878 5;9048 6;4818 6;10054 6;10629 6;4342 5;12558 5;11311 6;6241 6;12003 6;2793 5;2059 6;10105 6;5993 6;6640 5;5054 6;4669 5;2015 5;6337 6;8771 165;10195 9;9687 6;7152 5;1388 212;6603 6;11739 6;11595 6;10718 6;11653 6;9948 7;10482 6;11215 9;12386 10;1875 47;8243 6;1605 6;5936 5;10117 6;12558 5;8213 6;9125 7;9316 7;3992 5;1833 37;5811 5;7760 6;2782 5;11032 13;6368 6;10898 5;7639 5;11977 6;297 130;3387 117;6360 106;9207 6;7814 5;10950 6;11708 106;6398 5;4088 5;6001 6;9411 6;11455 7;6763 6;6959 6;3938 6;11941 6;3271 6;10251 6;5032 6;9353 8;10649 6;10021 7;11519 6;9540 6;11191 6;11934 5;5144 7;12414 12;11477 7;7524 7;8768 7;1731 37;9130 6;8866 7;12505 6;12395 6;8756 6;11613 8;7501 5;10691 6;4733 6;972 6;10100 6;4966 5;9974 6;4456 6;10941 6;10359 6;7781 6;2658 12;12241 6;2985 6;9278 6;4705 11;1920 349;1843 5;9560 6;11391 6;5566 5;8003 5;9144 6;11004 6;12514 6;4463 6;7751 5;2833 6;10148 6;7530 6;6254 6;3617 5;12224 6;6809 6;11683 6;7342 6;3313 5;11045 5;3447 5;4322 6;3643 6;2958 6;2257 6;5567 7;10425 5;7184 7;12240 6;1540 5;10322 6;9707 6;11012 5;6907 6;9995 6;1495 37;11685 7;6510 7;10041 7;9010 5;6111 6;491 6;10269 6;9867 6;5603 7;12101 5;12348 5;9219 6;3262 5;9408 6;8132 6;6343 5;5174 6;1866 6;9453 6;11312 6;10902 6;8994 6;12042 6;11804 6;10543 7;11027 6;3655 5;9250 6;660 6;10533 6;10272 5;10847 6;6480 5;2210 6;6444 6;2908 5;10097 5;6785 5;5534 6;3044 6;9213 6;3164 6;1281 6;8763 6;12145 6;973 6;2296 6;6508 6;6609 6;4809 7;6571 6;12231 163;2722 6;11170 7;8216 6;8073 5;9525 5;9923 6;9285 6;8361 7;12570 6;9904 6;897 10;3398 6;6735 5;8607 6;9428 8;3674 16;4200 5;6688 6;5683 6;9315 6;6839 6;12138 6;8726 6;9444 7;8050 6;8356 5;3664 6;12267 6;8114 5;9866 7;5791 5;9491 7;10035 6;9096 7;11011 7;6213 5;12431 6;3933 6;11690 6;9507 5;8805 6;10393 6;8729 6;10811 6;3243 6;11731 6;8616 8;8489 5;8643 6;10098 6;6581 5;6357 6;2605 6;3661 5;5398 6;4371 7;11909 6;7022 6;7686 6;4469 6;2264 5;8903 6;3630 5;8386 6;11835 6;5938 7;11937 5;3046 5;10137 6;5165 7;8501 6;11141 7;10673 6;3497 6;9228 6;1971 7;12024 6;12236 6;5181 6;8767 460;6986 6;11791 7;4267 6;9832 6;6736 11;5293 6;7004 6;7190 6;8603 6;10081 9;10219 6;524 6;4469 5;7619 6;899 6;11554 6;4221 6;2408 6;8726 6;7850 9;7667 6;6534 5;7080 6;5426 6;7339 6;6910 6;7384 6;5396 8;6118 6;3294 6;10056 6;7647 6;4626 5;1704 6;12078 6;1437 6;10394 6;3471 6;12467 6;12321 8;11172 6;8159 5;6872 5;8078 5;11409 6;5730 6;10217 6;4439 7;8936 5;3397 6;7634 6;10910 6;6910 6;11138 6;2658 6;6794 6;8198 5;2743 6;2199 5;10620 9;7781 5;8250 6;4660 6;12494 6;10506 6;5804 5;835 5;9441 6;8678 6;3452 6;6469 5;7379 5;8183 5;7365 6;5139 7;644 5;6994 6;10319 6;2555 6;12299 6;2981 6;2781 6;1378 6;4761 6;12070 6;504 6;4613 5;6608 6;468 7;7348 6;11927 7;9528 6;6268 6;1687 6;10578 6;1185 5;12421 6;11703 6;7909 6;5731 5;6993 6;6602 5;511 6;3418 6;11752 6;7943 6;2119 5;6099 5;942 6;10131 6;7745 6;12220 7;9853 6;9268 6;12488 6;11686 6;1430 7;10338 6;8295 35;7332 6;6158 6;1459 6;9291 6;5814 6;8100 5;8500 6;201 6;2291 5;8977 6;3020 5;4664 6;4984 6;8340 6;10224 6;5903 6;11989 6;3885 6;5008 6;6838 6;3332 6;3819 6;7246 6;10869 6;8831 6;12285 7;11245 6;12076 5;8433 6;10911 5;9170 6;8399 5;5091 6;11707 6;11849 5;2441 6;8852 6;6584 6;12481 8;12518 6;6435 6;12565 6;6976 6;11362 6;11172 6;2089 6;11909 6;8953 6;2389 5;2950 6;10176 6;11352 7;7587 5;5247 5;9745 6;341 5;6334 6;11073 6;757 6;9178 6;11861 7;5368 9;12129 6;6714 5;1195 6;8548 6;9066 6;9532 6;1673 35;12176 6;5579 6;7345 5;9542 7;11377 6;9454 6;3156 6;12187 5;10625 5;8495 6;9389 7;3085 5;8062 6;6485 5;10398 6;6878 17;12496 6;2294 6;4692 6;6457 274;7628 6;1490 6;2228 6;5024 5;327 6;6059 6;2426 6;12011 7;2689 5;10952 6;9692 6;4476 6;6678 6;5314 6;11047 6;6401 6;10870 6;2938 5;12187 6;5137 6;6477 6;9935 6;12426 6;5768 5;10008 6;11653 7;1310 5;7881 5;4477 6;8214 6;6763 6;3378 6;5303 5;11679 6;10388 6;5026 6;12154 6;2807 5;11838 6;6670 6;11138 6;11663 6;6818 5;12436 7;12493 170;598 5;12198 6;3777 6;12010 6;10013 6;4012 6;11816 5;10500 6;6211 6;6938 7;9212 6;12115 6;9286 6;5540 6;3083 5;12038 6;8854 5;1915 6;3415 6;8516 6;1026 6;7753 6;12625 7;9654 7;1075 6;7469 7;9901 6;4659 10;8378 6;10795 6;889 13;10354 6;4172 10;11555 6;7497 6;8704 7;5291 5;5268 7;3987 6;9733 5;8933 8;1601 6;12488 6;2163 8;12323 7;7020 7;7506 288;12355 6;12351 6;4530 6;3238 5;12040 6;12546 6;11912 7;10966 5;12102 6;10037 6;5995 5;901 5;2689 5;1815 5;1131 6;12561 6;7567 7;1188 6;1664 6;8621 5;5149 6;2783 5;8461 6;1528 6;9599 6;5478 6;900 6;3533 6;1313 6;257 7;10765 6;4258 5;4830 6;7716 6;9884 6;3826 5;1972 5;9660 6;9975 5;5613 6;10899 6;3813 6;8476 5;11077 6;2989 6;11301 6;2410 6;204 11;10101 5;12029 5;2804 6;9686 6;6436 6;5068 6;11038 7;7834 6;6221 6;12124 6;11137 6;8192 6;2899 5;11607 100;10767 6;5489 6;11665 41;7396 6;5016 5;5045 5;5605 6;11477 6;11297 6;6655 6;12524 6;5629 5;8802 6;1878 6;6886 6;];
