cruces = [
0
0
4
2
31
34
135
122
345
349
734
796
1686
1650
2918
2831
5001
5008
7491
7966
11407
10905
15562
16875
22431
22162
29809
30132
41422
42052
54451
53492
68864
70000
86717
88854
110915
108705
135890
137897
164463
160773
198536
203333
243189
241866
287142
294242
344921
];
