crucesConstructiva = [
0
0
0
1
0
1
4
5
11
34
43
52
98
181
192
326
333
412
823
706
1028
1192
1532
2193
2495
2587
2857
3635
4859
4988
5457
6343
6754
9669
9199
11174
11851
14227
17188
17105
19383
21609
22061
27725
27951
32183
32649
35968
44532
];

crucesGrasp = [
0
0
0
0
0
0
0
2
6
13
26
40
75
148
149
174
285
312
683
542
829
951
1113
1708
1895
2166
2517
2847
4194
4182
5030
5437
6126
8043
8314
9673
10627
11970
14769
15092
17518
18273
20775
24873
24057
27301
30629
32565
38552
];

crucesLocal = [
0
0
0
1
0
1
4
5
11
34
43
52
98
181
192
326
333
412
823
706
1028
1192
1532
2193
2495
2587
2857
3635
4859
4988
5457
6343
6754
9669
9199
11174
11851
14227
17188
17105
19383
21609
22061
27725
27951
32183
32649
35968
44532
];

