cruces = [
0
1
5
49
57
116
259
443
1214
1193
1783
2779
3602
6636
6420
8803
11388
14375
22317
22020
27235
33331
39803
56110
55529
65584
75811
88433
118023
118892
133555
153704
172330
220044
222491
245727
272612
307304
375406
376523
417212
459577
502765
613398
610514
662153
726424
792843
943605
];
