cruces = [
0
0
0
0
0
0
0
2
6
13
26
40
75
148
149
174
285
312
683
542
829
951
1113
1708
1895
2166
2517
2847
4194
4182
5030
5437
6126
8043
8314
9673
10627
11970
14769
15092
17518
18273
20775
24873
24057
27301
30629
32565
38552
];
