crucesConstructiva = [
0
0
4
2
31
34
135
122
345
349
734
796
1686
1650
2918
2831
5001
5008
7491
7966
11407
10905
15562
16875
22431
22162
29809
30132
41422
42052
54451
53492
68864
70000
86717
88854
110915
108705
135890
137897
164463
160773
198536
203333
243189
241866
287142
294242
344921
];

crucesGrasp = [
0
0
2
2
29
33
129
114
338
330
701
757
1586
1559
2816
2776
4717
4654
7088
7185
10592
10601
15173
15875
21643
21626
28821
29465
40023
39690
52474
51628
66129
67449
84894
86592
107249
106775
131868
132030
160921
157540
194347
195676
237814
231186
279516
282794
332843
];

crucesLocal = [
0
0
4
2
31
34
135
122
345
349
734
796
1686
1650
2918
2831
5001
5008
7491
7966
11407
10905
15562
16875
22431
22162
29809
30132
41422
42052
54451
53492
68864
70000
86717
88854
110915
108705
135890
137897
164463
160773
198536
203333
243189
241866
287142
294242
344921
];

