iter=[1 1 2 2 2 3 3 6 5 4 5 3 5 7 4 3 5 10 7 6 6 7 8 6 8 9 10 8 17 8 14 13 11 18 31 9 15 16 26 40 11 17 17 17 14 21 18 30 29 30 18 ];