tiemposConstructiva = [
0.00023382860112109221857
0.00012794922259672667289
0.00010839366455792566089
0.00012180319007024635212
0.00023187304531721209433
0.00022349209187201167417
0.00027349844742837430131
0.00032126988206601674774
0.00046095243948602405764
0.00079842549821276169539
0.0010227556854292933763
];

tiemposExacto = [
0.00042156195829358200427
9.861588553852514811e-05
8.1295248418444249054e-05
0.00010392382272048542144
0.00028914289385941507838
0.00023578415692497231571
0.00026735241490189398054
0.0014253208159137544138
0.031386391287160801677
1.4294118386554715006
133.0800565434992393
];

tiemposGrasp = [
0.00019862859665125036173
0.00012403811098896647862
0.00010811429944308564507
0.00015420954339168805084
0.0014568890738906759702
0.0014630351064171564536
0.0037985274664796781288
0.0022731939394531985692
0.005819175342117503813
0.0085949471231678894328
0.0153153543257592787
];

tiemposLocal = [
0.00020617145475193077511
0.00012403811098896647862
0.00010895239478760569251
0.00012459684121864651025
0.00032322543786989687198
0.00031819686580277661446
0.00041038735369998142598
0.00052576514612890745508
0.00072606993346919785747
0.0016462986217522059592
0.0025520003240635334013
];
