x = [
1
2
3
4
5
6
7
8
9
10
11
];

crucesConstructiva = [
0
0
0
7
49
54
122
266
465
1279
1197
];

crucesExacto = [
0
0
0
7
49
54
120
264
463
1279
1195
];

crucesGrasp = [
0
0
0
7
49
54
120
264
463
1279
1195
];

crucesLocal = [
0
0
0
7
49
54
122
266
465
1279
1197
];
