x = [
1
2
3
4
5
6
7
8
9
10
11
];

crucesConstructiva = [
0
0
0
0
0
0
0
4
6
17
25
];

crucesExacto = [
0
0
0
0
0
0
0
3
4
11
13
];

crucesGrasp = [
0
0
0
0
0
0
0
3
4
11
13
];

crucesLocal = [
0
0
0
0
0
0
0
4
6
17
25
];

