tiempos = [
0.00029724448218977552339
0.00014052065276452734379
0.00030031749845301565667
0.0002653968590980138563
0.00059225404346083092028
0.00091492075110104773353
0.0013202795327339090104
0.0012406604750045046801
0.0022815748928983990707
0.0022578288581369980112
0.0036722544345719919032
0.0033764067779564160658
0.0056780959591232966002
0.0057040769148034176778
0.0082074677088847889511
0.008118350237250823026
0.011450617327062517434
0.010732928347038520403
0.01540503052762292463
0.014828141565478293942
0.02118174237228474463
0.018857983347045505218
0.024564574547882481181
0.026619863697760468013
0.034463598027123558409
0.035457579105724328083
0.038442036627560204065
0.044005034159369418867
0.048042418799037304999
0.052115003443175038356
0.059526839304995464441
0.058815855087727630934
0.072009431366276993591
0.0720105488267363536
0.083961788439592177635
0.097076863120871506596
0.1015159747956793368
0.10390370843221694019
0.12223536790290386034
0.11660644020399241194
0.1390028620956015315
0.13457492502538731527
0.15918196307072546292
0.1567866865760871864
0.18483382664556527453
0.17990414982909838648
0.20808091531186226342
0.20875055349213378353
0.237241325363977823
];
