tiempos = [
0.00023913653830305247835
0.00011845080869216618948
0.00012766985748188667063
0.00033970797964545771004
0.00030478734029045590967
0.00048777149051066546722
0.00072746675904339797719
0.0010939937897134972052
0.0031948194533104067906
0.0033224893107922934612
0.0028503622667126688253
0.0035216766376732237462
0.0059102483695553488866
0.0093134741985364064704
0.012064661849480870157
0.016578643375065826165
0.013615417601957790356
0.011304230006886349311
0.048869898269193433327
0.038513833462074091585
0.039984970156821605936
0.087133420588370869009
0.081302791276544925103
0.26352902394019350751
0.21736561490357014792
0.15308817182072023688
0.13028387686144468627
0.15920151862876427695
0.55828855343346706075
0.19150590368328934687
0.20769846446964629338
0.32051280260480030648
0.30943374088047503889
1.0537048703117295467
0.44384747223459963816
1.4123680523641970463
0.59731222823012419809
1.0334548105974361576
1.3118985792887085662
0.98347862647347639165
0.70631881985000888324
1.8513945208120026198
0.89449217707837169744
1.0787477179362181534
2.2013244700094563022
1.4077856263854764407
1.4048056387054779215
2.2369474332631660296
2.6073721660155131374
];
