tiempos = [
0.00027740955903613449558
0.00014052065276452734379
0.00045508577207438373913
0.0004369270396097828333
0.0015468446408691608179
0.0010752763270192161865
0.0053791752862444811717
0.0046382990016887622187
0.0063343246138824905317
0.0096892202779962251225
0.012103493600443632205
0.029334175153546051401
0.024978593648075385347
0.024593628519825844886
0.0663735195394945382
0.037324017437970466449
0.10650599447695167921
0.079758740286824170163
0.072286840925313136652
0.10951699168469736234
0.22721016218541742471
0.11962134852334584123
0.19725188536531876315
0.26230261108604585596
0.2480748251523587633
0.20037295242831140718
0.30635597541028258828
0.36021980447235613099
0.65292180989483294962
0.45527601971758979715
0.72383557128070741271
0.80600746742951967505
0.68210931836308807963
0.57288957116058047969
0.69148090050551114238
1.0485022537780639418
1.2477990917840116047
1.0858301823276421683
1.440134430493261064
0.94337716106376645619
1.6838891535097337826
2.4640913859163666721
1.9460565518801971052
3.0619782681877167896
1.729919026021463635
4.2970486472442726011
3.733319737564411156
3.4604428775165558818
3.241919573577088709
];
