tiempos = [
0.00018605716648344971793
0.00016873652936336881888
0.00021092066170421100327
0.00071238104284203720463
0.00069226675457355617456
0.0014091176392530336322
0.0015253335270264795596
0.0018686732531648575159
0.0069346802456736822765
0.0043161910242782257352
0.0054073911628433222673
0.0095769155018305407445
0.011874972936504499949
0.021044853466013140053
0.023998301460101772314
0.02492942538786354148
0.028345222647012398298
0.03437224563457087767
0.05407419099354806441
0.051775016098414741728
0.080790715021043180144
0.093714145233542253677
0.080324734009490028619
0.19168162434052371523
0.22749092412583163392
0.12323046644196399002
0.23975533203242310742
0.16043323942009388161
0.271931488499236651
0.26741666887830717325
0.29341466583043374072
0.23464574408199925792
0.25009603175822625598
0.43580315375278144696
0.31385553191816278895
0.47435917134719635113
0.6537847687345738068
0.70063709214439262585
0.67424127926873389516
0.48194588977090663251
0.70637385477763237063
0.76428177324212998034
0.80535068004453080892
0.95656626750047846208
1.2189887262207905749
1.0128720270313684715
1.0818548167434687279
1.4645065224770186241
1.6859631601223059594
];
