tiempos = [
0.00023857780807337244672
0.00011649525288828607879
0.00015867938522912827673
0.0010769525177082562
0.0014962795550831180236
0.0041508068762929365911
0.0026844193884977001104
0.013557030292956228149
0.042785884798207593493
0.0153153543257592787
0.042094456138978560145
0.038741516030668700366
0.032779585114867948459
0.14882366334268740116
0.11011343620488078798
0.2803906641765922525
0.28456102661092402828
0.26705517041970416869
0.30294800037434926887
1.8838383090588328717
0.28921804307530707412
0.38152754051143372704
1.2289670893926463169
2.0447257961556566386
0.9596954361518014176
5.358473772504606103
2.3456958915169385804
3.2063245468348631206
4.7664669671704089637
5.0189800659022303364
1.6484891236176664187
6.0371865698014692825
3.3426410339861631904
12.95672299132990446
9.7146746304348745582
23.308588382042970011
16.818946542088450968
17.800553981022726902
21.903218705170630187
5.8031923051672764657
13.357831232740473126
26.837705909549956829
12.754088578296961742
24.511544623688205746
26.794201777041497081
24.304405168813353555
195.71634271953558937
57.603437308372988923
41.70388275604860695
];
