crucesConstructiva = [
0
1
5
49
57
119
259
443
1234
1193
1798
2793
3619
6638
6454
8848
11432
14453
22551
22063
27313
33354
40019
56434
56097
65626
76067
88630
118815
119198
133654
153771
172874
220196
223068
246245
272836
307911
376186
376817
419206
461297
502973
615840
613921
663757
726840
795149
945679
];

crucesGrasp = [
0
1
5
49
57
116
259
443
1214
1193
1783
2779
3602
6636
6420
8803
11388
14375
22317
22020
27235
33331
39803
56110
55529
65584
75811
88433
118023
118892
133555
153704
172330
220044
222491
245727
272612
307304
375406
376523
417212
459577
502765
613398
610514
662153
726424
792843
943605
];

crucesLocal = [
0
1
5
49
57
119
259
443
1234
1193
1798
2793
3619
6638
6454
8848
11432
14453
22551
22063
27313
33354
40019
56434
56097
65626
76067
88630
118815
119198
133654
153771
172874
220196
223068
246245
272836
307911
376186
376817
419206
461297
502973
615840
613921
663757
726840
795149
945679
];
