cruces = [
0
1
5
49
57
119
259
443
1234
1193
1798
2793
3619
6638
6454
8848
11432
14453
22551
22063
27313
33354
40019
56434
56097
65626
76067
88630
118815
119198
133654
153771
172874
220196
223068
246245
272836
307911
376186
376817
419206
461297
502973
615840
613921
663757
726840
795149
945679
];
