cruces = [
0
0
0
1
0
1
4
5
11
34
43
52
98
181
192
326
333
412
823
706
1028
1192
1532
2193
2495
2587
2857
3635
4859
4988
5457
6343
6754
9669
9199
11174
11851
14227
17188
17105
19383
21609
22061
27725
27951
32183
32649
35968
44532
];
