m = [10 1;11 1;12 1;13 1;14 1;15 26;16 1;17 1;18 1;19 1;20 1;21 1;22 1;23 1;24 1;25 1;26 1;27 1;28 1;29 1;30 1;31 1;32 1;33 1;34 1;35 1;36 2;37 1;38 1;39 27;40 1;41 1;42 2;43 1;44 1;45 1;46 1;47 1;48 1;49 1;50 1;51 1;52 1;53 1;54 1;55 1;56 1;57 1;58 1;59 1;60 1;61 1;62 1;63 25;64 1;65 1;66 1;67 0;68 2;69 1;70 1;71 1;72 1;73 1;74 1;75 1;76 2;77 1;78 2;79 1;80 1;81 1;82 1;83 1;84 1;85 1;86 1;87 1;88 7;89 1;90 1;91 1;92 1;93 1;94 1;95 1;96 1;97 1;98 1;99 1;100 1;101 1;102 1;103 1;104 1;105 1;106 1;107 1;108 1;109 1;110 5;111 1;112 1;113 2;114 1;115 1;116 0;117 1;118 1;119 1;120 1;121 1;122 0;123 0;124 1;125 1;126 1;127 1;128 1;129 1;130 2;131 1;132 2;133 1;134 0;135 0;136 1;137 1;138 0;139 26;140 1;141 1;142 1;143 1;144 1;145 1;146 1;147 1;148 1;149 1;150 1;151 1;152 27;153 0;154 1;155 1;156 1;157 0;158 1;159 1;160 1;161 0;162 1;163 23;164 1;165 1;166 1;167 1;168 1;169 1;170 1;171 1;172 1;173 1;174 1;175 1;176 0;177 1;178 1;179 2;180 1;181 1;182 2;183 1;184 1;185 1;186 1;187 1;188 1;189 1;190 1;191 1;192 1;193 1;194 1;195 1;196 2;197 1;198 1;199 7;200 10;201 5;202 6;203 7;204 11;205 6;206 31;207 7;208 11;209 6;210 6;211 10;212 6;213 6;214 6;215 10;216 6;217 5;218 7;219 10;220 6;221 6;222 8;223 11;224 6;225 6;226 7;227 10;228 6;229 6;230 7;231 10;232 6;233 7;234 5;235 10;236 6;237 6;238 7;239 10;240 6;241 6;242 6;243 10;244 6;245 7;246 6;247 11;248 6;249 6;250 6;251 10;252 6;253 6;254 6;255 10;256 6;257 32;258 7;259 11;260 6;261 6;262 7;263 11;264 6;265 7;266 6;267 10;268 6;269 33;270 6;271 10;272 8;273 7;274 7;275 11;276 6;277 6;278 6;279 10;280 7;281 6;282 6;283 10;284 7;285 6;286 6;287 11;288 6;289 7;290 7;291 11;292 6;293 6;294 6;295 10;296 6;297 33;298 6;299 10;300 6;301 7;302 6;303 10;304 6;305 6;306 7;307 10;308 5;309 5;310 6;311 11;312 6;313 6;314 7;315 10;316 6;317 6;318 7;319 11;320 6;321 6;322 6;323 12;324 6;325 32;326 7;327 11;328 5;329 6;330 8;331 11;332 6;333 31;334 6;335 11;336 6;337 32;338 7;339 11;340 7;341 33;342 6;343 10;344 6;345 6;346 6;347 11;348 7;349 31;350 6;351 11;352 6;353 35;354 11;355 6;356 6;357 6;358 10;359 6;360 6;361 8;362 11;363 7;364 32;365 6;366 10;367 6;368 33;369 7;370 11;371 6;372 6;373 7;374 11;375 6;376 10;377 6;378 6;379 7;380 11;381 6;382 31;383 6;384 11;385 6;386 31;387 6;388 6;389 6;390 32;391 6;392 11;393 6;394 32;395 7;396 6;397 6;398 32;399 6;400 11;401 10;402 33;403 10;404 6;405 32;406 7;407 6;408 6;409 31;410 6;411 5;412 5;413 32;414 10;415 6;416 6;417 7;418 9;419 215;420 6;421 6;422 33;423 11;424 6;425 32;426 7;427 7;428 7;429 31;430 12;431 6;432 31;433 7;434 11;435 6;436 32;437 6;438 6;439 6;440 31;441 6;442 5;443 6;444 31;445 6;446 6;447 6;448 32;449 6;450 10;451 6;452 6;453 7;454 11;455 6;456 6;457 6;458 6;459 6;460 31;461 7;462 11;463 6;464 6;465 7;466 10;467 6;468 31;469 6;470 11;471 7;472 6;473 11;474 6;475 32;476 10;477 6;478 32;479 6;480 6;481 6;482 31;483 6;484 6;485 33;486 5;487 6;488 31;489 6;490 10;491 6;492 6;493 7;494 6;495 6;496 32;497 6;498 10;499 6;500 31;501 7;502 11;503 6;504 32;505 7;506 11;507 6;508 31;509 7;510 11;511 6;512 6;513 7;514 6;515 6;516 31;517 6;518 10;519 6;520 31;521 7;522 11;523 6;524 32;525 7;526 11;527 6;528 32;529 6;530 6;531 5;532 33;533 6;534 6;535 7;536 10;537 6;538 32;539 6;540 11;541 6;542 6;543 6;544 10;545 6;546 32;547 6;548 6;549 31;550 7;551 10;552 6;553 33;554 10;555 6;556 32;557 7;558 5;559 6;560 7;561 6;562 6;563 6;564 10;565 6;566 6;567 6;568 6;569 6;570 6;571 6;572 6;573 6;574 6;575 7;576 6;577 6;578 6;579 5;580 6;581 34;582 6;583 6;584 6;585 6;586 33;587 6;588 6;589 6;590 6;591 6;592 7;593 11;594 7;595 32;596 5;597 10;598 6;599 101;600 6;601 6;602 6;603 6;604 6;605 6;606 10;607 6;608 6;609 7;610 6;611 6;612 7;613 6;614 6;615 7;616 32;617 6;618 6;619 31;620 7;621 11;622 7;623 33;624 7;625 6;626 6;627 6;628 6;629 7;630 6;631 32;632 6;633 7;634 31;635 6;636 7;637 33;638 6;639 6;640 6;641 6;642 7;643 6;644 6;645 7;646 32;647 6;648 6;649 6;650 6;651 6;652 7;653 30;654 6;655 6;656 7;657 32;658 6;659 7;660 7;661 7;662 31;663 6;664 7;665 6;666 6;667 6;668 6;669 8;670 6;671 6;672 7;673 6;674 7;675 6;676 5;677 6;678 5;679 8;680 7;681 6;682 6;683 6;684 6;685 9;686 6;687 6;688 7;689 6;690 6;691 6;692 5;693 6;694 6;695 6;696 6;697 7;698 7;699 6;700 7;701 7;702 6;703 6;704 11;705 6;706 6;707 7;708 6;709 6;710 6;711 6;712 7;713 6;714 7;715 6;716 5;717 6;718 6;719 7;720 7;721 11;722 7;723 6;724 7;725 6;726 6;727 6;728 6;729 27;730 7;731 6;732 7;733 6;734 7;735 6;736 6;737 8;738 6;739 6;740 6;741 6;742 6;743 6;744 6;745 6;746 7;747 6;748 7;749 7;750 6;751 6;752 6;753 6;754 7;755 7;756 6;757 7;758 8;759 6;760 6;761 6;762 6;763 6;764 6;765 7;766 6;767 8;768 6;769 6;770 7;771 6;772 7;773 7;774 6;775 6;776 7;777 6;778 6;779 6;780 6;781 7;782 6;783 7;784 7;785 6;786 6;787 6;788 6;789 6;790 6;791 6;792 6;793 6;794 6;795 6;796 7;797 6;798 6;799 6;800 6;801 5;802 6;803 6;804 6;805 7;806 7;807 6;808 6;809 6;810 6;811 7;812 6;813 7;814 7;815 7;816 5;817 6;818 6;819 6;820 7;821 7;822 8;823 6;824 29;825 6;826 8;827 6;828 27;829 13;830 40;831 12;832 6;833 208;834 37;835 38;836 40;837 11;838 7;839 7;840 31;841 8;842 7;843 7;844 27;845 6;846 7;847 5;848 6;849 6;850 6;851 6;852 6;853 6;854 6;855 39;856 6;857 5;858 7;859 6;860 6;861 7;862 6;863 6;864 5;865 5;866 7;867 6;868 8;869 32;870 6;871 6;872 6;873 44;874 7;875 10;876 7;877 50;878 10;879 6;880 6;881 6;882 10;883 35;884 10;885 10;886 6;887 31;888 6;889 6;890 5;891 6;892 6;893 6;894 6;895 32;896 7;897 7;898 7;899 7;900 7;901 7;902 6;903 6;904 7;905 6;906 27;907 6;908 7;909 6;910 7;911 6;912 6;913 6;914 6;915 7;916 6;917 6;918 6;919 6;920 6;921 7;922 6;923 6;924 6;925 7;926 6;927 7;928 5;929 6;930 6;931 6;932 6;933 26;934 6;935 6;936 6;937 6;938 6;939 5;940 1479;941 6;942 7;943 6;944 17;945 25;946 7;947 36;948 6;949 383;950 6;951 6;952 6;953 6;954 7;955 6;956 6;957 6;958 6;959 6;960 34;961 6;962 7;963 6;964 6;965 6;966 6;967 6;968 6;969 6;970 6;971 6;972 27;973 6;974 26;975 6;976 7;977 6;978 6;979 6;980 6;981 6;982 5;983 6;984 6;985 6;986 6;987 27;988 6;989 6;990 6;991 6;992 6;993 6;994 6;995 7;996 6;997 8;998 30;999 9;1000 29;1001 8;1002 7;1003 12;1004 6;1005 7;1006 6;1007 26;1008 14;1009 14;1010 6;1011 6;1012 10;1013 10;1014 9;1015 30;1016 6;1017 45;1018 9;1019 10;1020 6;1021 10;1022 10;1023 14;1024 13;1025 9;1026 5;1027 6;1028 6;1029 6;1030 9;1031 71;1032 6;1033 27;1034 6;1035 28;1036 5;1037 7;1038 6;1039 28;1040 7;1041 28;1042 7;1043 29;1044 8;1045 6;1046 7;1047 29;1048 7;1049 7;1050 7;1051 27;1052 6;1053 6;1054 6;1055 96;1056 36;1057 6;1058 6;1059 11;1060 6;1061 6;1062 7;1063 6;1064 28;1065 6;1066 7;1067 6;1068 7;1069 6;1070 7;1071 7;1072 6;1073 6;1074 6;1075 5;1076 14;1077 6;1078 6;1079 38;1080 63;1081 30;1082 12;1083 39;1084 6;1085 6;1086 8;1087 5;1088 37;1089 6;1090 6;1091 7;1092 37;1093 31;1094 6;1095 35;1096 29;1097 31;1098 6;1099 5;1100 7;1101 28;1102 7;1103 6;1104 6;1105 31;1106 7;1107 6;1108 6;1109 28;1110 7;1111 6;1112 6;1113 7;1114 6;1115 28;1116 7;1117 6;1118 6;1119 8;1120 7;1121 28;1122 6;1123 28;1124 6;1125 27;1126 6;1127 6;1128 6;1129 28;1130 6;1131 6;1132 7;1133 29;1134 7;1135 6;1136 6;1137 7;1138 7;1139 6;1140 6;1141 6;1142 6;1143 26;1144 7;1145 28;1146 6;1147 7;1148 6;1149 6;1150 6;1151 7;1152 6;1153 7;1154 7;1155 7;1156 6;1157 7;1158 6;1159 6;1160 7;1161 6;1162 7;1163 6;1164 6;1165 27;1166 6;1167 6;1168 7;1169 27;1170 7;1171 6;1172 6;1173 7;1174 7;1175 26;1176 7;1177 27;1178 6;1179 6;1180 7;1181 27;1182 6;1183 6;1184 6;1185 6;1186 7;1187 7;1188 6;1189 7;1190 6;1191 7;1192 9;1193 7;1194 7;1195 27;1196 7;1197 6;1198 7;1199 26;1200 6;1201 29;1202 7;1203 7;1204 6;1205 27;1206 7;1207 6;1208 6;1209 26;1210 8;1211 6;1212 6;1213 28;1214 7;1215 7;1216 7;1217 7;1218 7;1219 27;1220 7;1221 6;1222 7;1223 26;1224 6;1225 6;1226 6;1227 26;1228 7;1229 7;1230 6;1231 28;1232 7;1233 6;1234 7;1235 6;1236 6;1237 7;1238 6;1239 28;1240 8;1241 27;1242 6;1243 6;1244 6;1245 27;1246 7;1247 27;1248 7;1249 29;1250 6;1251 28;1252 7;1253 28;1254 7;1255 27;1256 8;1257 27;1258 7;1259 27;1260 8;1261 172;1262 27;1263 7;1264 27;1265 6;1266 28;