m = [10 1;11 1;12 1;13 1;14 1;15 1;16 1;17 1;18 1;19 1;20 1;21 1;22 1;23 1;24 1;25 1;26 1;27 1;28 1;29 0;30 1;31 1;32 1;33 0;34 1;35 1;36 1;37 1;38 1;39 1;40 1;41 1;42 1;43 1;44 1;45 2;46 1;47 1;48 1;49 1;50 1;51 1;52 1;53 0;54 1;55 1;56 1;57 1;58 1;59 2;60 1;61 1;62 1;63 2;64 1;65 1;66 1;67 1;68 1;69 1;70 0;71 1;72 1;73 1;74 1;75 1;76 0;77 1;78 1;79 1;80 1;81 1;82 1;83 1;84 1;85 1;86 1;87 1;88 1;89 1;90 0;91 1;92 1;93 1;94 1;95 1;96 1;97 0;98 1;99 1;100 1;101 1;102 23;103 1;104 1;105 1;106 1;107 1;108 1;109 2;110 1;111 1;112 1;113 1;114 1;115 1;116 1;117 1;118 0;119 1;120 0;121 2;122 1;123 2;124 1;125 1;126 1;127 1;128 1;129 1;130 2;131 1;132 1;133 1;134 1;135 1;136 1;137 1;138 0;139 1;140 2;141 1;142 1;143 1;144 1;145 1;146 0;147 1;148 1;149 1;150 1;151 1;152 1;153 1;154 0;155 1;156 1;157 1;158 1;159 1;160 1;161 1;162 1;163 1;164 1;165 0;166 0;167 1;168 1;169 1;170 4;171 1;172 0;173 1;174 1;175 1;176 1;177 2;178 1;179 1;180 0;181 1;182 1;183 1;184 1;185 1;186 1;187 1;188 1;189 1;190 1;191 1;192 1;193 1;194 1;195 1;196 1;197 1;198 1;199 1;200 10;201 27;202 5;203 6;204 6;205 7;206 6;207 7;208 6;209 6;210 9;211 6;212 6;213 16;214 7;215 6;216 6;217 7;218 6;219 6;220 6;221 6;222 6;223 6;224 6;225 6;226 7;227 6;228 7;229 6;230 6;231 6;232 6;233 6;234 6;235 6;236 6;237 6;238 6;239 7;240 6;241 6;242 6;243 5;244 6;245 7;246 5;247 6;248 5;249 6;250 6;251 6;252 6;253 7;254 6;255 6;256 6;257 5;258 6;259 6;260 5;261 6;262 6;263 6;264 5;265 6;266 6;267 6;268 6;269 6;270 6;271 6;272 6;273 6;274 7;275 5;276 5;277 6;278 5;279 9;280 6;281 6;282 6;283 5;284 6;285 6;286 6;287 5;288 6;289 6;290 7;291 6;292 7;293 6;294 6;295 7;296 6;297 6;298 6;299 6;300 10;301 7;302 6;303 6;304 6;305 6;306 6;307 6;308 6;309 6;310 6;311 6;312 6;313 6;314 6;315 7;316 6;317 6;318 6;319 6;320 6;321 6;322 6;323 7;324 5;325 7;326 6;327 6;328 6;329 6;330 6;331 6;332 8;333 6;334 6;335 7;336 6;337 6;338 6;339 6;340 6;341 6;342 5;343 6;344 6;345 6;346 6;347 7;348 6;349 6;350 6;351 6;352 6;353 7;354 6;355 5;356 6;357 6;358 6;359 6;360 6;361 7;362 6;363 7;364 6;365 6;366 5;367 6;368 6;369 6;370 7;371 6;372 6;373 7;374 6;375 5;376 7;377 6;378 5;379 6;380 5;381 6;382 6;383 7;384 6;385 6;386 6;387 6;388 6;389 6;390 7;391 6;392 6;393 6;394 7;395 6;396 6;397 6;398 6;399 6;400 11;401 6;402 6;403 6;404 5;405 5;406 6;407 6;408 6;409 7;410 6;411 6;412 6;413 5;414 6;415 6;416 6;417 6;418 6;419 6;420 6;421 6;422 6;423 6;424 6;425 6;426 6;427 6;428 6;429 6;430 6;431 6;432 6;433 6;434 6;435 6;436 6;437 6;438 7;439 6;440 7;441 6;442 6;443 6;444 5;445 6;446 6;447 6;448 6;449 7;450 6;451 6;452 6;453 7;454 6;455 7;456 6;457 5;458 6;459 6;460 7;461 6;462 6;463 6;464 6;465 6;466 6;467 6;468 6;469 6;470 6;471 7;472 6;473 6;474 6;475 6;476 6;477 6;478 6;479 5;480 6;481 7;482 6;483 6;484 6;485 6;486 6;487 6;488 6;489 6;490 7;491 6;492 6;493 6;494 6;495 6;496 6;497 6;498 6;499 6;500 11;501 6;502 5;503 6;504 6;505 5;506 6;507 6;508 6;509 5;510 7;511 6;512 6;513 6;514 6;515 6;516 6;517 6;518 6;519 6;520 6;521 6;522 5;523 6;524 6;525 6;526 6;527 6;528 6;529 7;530 6;531 6;532 5;533 6;534 5;535 5;536 7;537 7;538 6;539 6;540 5;541 5;542 6;543 6;544 5;545 6;546 6;547 6;548 6;549 6;550 6;551 6;552 6;553 5;554 6;555 6;556 6;557 6;558 6;559 6;560 6;561 6;562 6;563 6;564 6;565 6;566 5;567 8;568 6;569 6;570 6;571 6;572 6;573 6;574 6;575 6;576 6;577 6;578 50;579 6;580 7;581 5;582 6;583 6;584 6;585 6;586 6;587 6;588 6;589 6;590 7;591 6;592 7;593 6;594 7;595 6;596 7;597 6;598 6;599 6;600 6;601 7;602 6;603 6;604 5;605 6;606 6;607 6;608 6;609 6;610 5;611 6;612 7;613 6;614 6;615 6;616 5;617 6;618 7;619 6;620 7;621 6;622 6;623 6;624 7;625 5;626 5;627 6;628 8;629 7;630 6;631 5;632 6;633 6;634 6;635 6;636 5;637 6;638 6;639 6;640 7;641 6;642 6;643 6;644 6;645 5;646 5;647 5;648 6;649 7;650 7;651 6;652 6;653 6;654 6;655 6;656 6;657 6;658 7;659 7;660 6;661 6;662 6;663 7;664 6;665 6;666 6;667 6;668 8;669 6;670 6;671 6;672 6;673 6;674 12;675 7;676 6;677 6;678 6;679 6;680 6;681 6;682 6;683 6;684 6;685 6;686 6;687 6;688 6;689 6;690 6;691 7;692 6;693 6;694 6;695 6;696 6;697 6;698 6;699 6;700 11;701 6;702 7;703 6;704 6;705 6;706 6;707 6;708 6;709 6;710 6;711 6;712 6;713 7;714 6;715 7;716 6;717 6;718 6;719 6;720 5;721 6;722 6;723 6;724 6;725 6;726 6;727 6;728 7;729 6;730 6;731 6;732 7;733 6;734 6;735 6;736 6;737 5;738 6;739 6;740 6;741 6;742 6;743 6;744 6;745 6;746 6;747 7;748 6;749 6;750 6;751 6;752 6;753 6;754 6;755 6;756 6;757 6;758 6;759 6;760 6;761 6;762 6;763 7;764 7;765 6;766 6;767 6;768 6;769 6;770 5;771 5;772 6;773 6;774 7;775 6;776 6;777 6;778 6;779 6;780 5;781 6;782 6;783 6;784 6;785 7;786 6;787 6;788 6;789 6;790 6;791 7;792 6;793 6;794 6;795 6;796 6;797 6;798 6;799 8;800 11;801 7;802 6;803 6;804 6;805 6;806 7;807 7;808 6;809 6;810 6;811 6;812 6;813 6;814 5;815 6;816 6;817 7;818 6;819 6;820 6;821 6;822 6;823 6;824 6;825 6;826 6;827 6;828 6;829 6;830 6;831 8;832 6;833 6;834 6;835 6;836 6;837 6;838 6;839 7;840 6;841 6;842 7;843 6;844 6;845 6;846 5;847 6;848 6;849 6;850 7;851 6;852 6;853 6;854 6;855 6;856 6;857 6;858 6;859 7;860 6;861 6;862 6;863 5;864 6;865 6;866 6;867 6;868 6;869 5;870 5;871 7;872 6;873 6;874 6;875 6;876 7;877 6;878 6;879 6;880 6;881 6;882 6;883 6;884 7;885 6;886 6;887 5;888 6;889 6;890 6;891 6;892 6;893 6;894 6;895 5;896 6;897 6;898 6;899 6;900 6;901 7;902 6;903 6;904 6;905 5;906 6;907 6;908 6;909 6;910 5;911 6;912 6;913 6;914 6;915 5;916 10;917 7;918 6;919 6;920 6;921 6;922 9;923 7;924 6;925 1474;926 6;927 6;928 6;929 6;930 6;931 11;932 6;933 7;934 6;935 6;936 6;937 6;938 6;939 5;940 6;941 7;942 6;943 6;944 6;945 7;946 7;947 5;948 6;949 6;950 6;951 6;952 6;953 6;954 6;955 6;956 6;957 6;958 6;959 6;960 6;961 6;962 7;963 7;964 7;965 8;966 7;967 7;968 6;969 8;970 6;971 6;972 6;973 8;974 6;975 6;976 12;977 6;978 6;979 6;980 6;981 7;982 6;983 6;984 6;985 6;986 6;987 6;988 6;989 6;990 6;991 6;992 5;993 7;994 6;995 7;996 6;997 7;998 7;999 8;1000 28;1001 6;1002 7;1003 6;1004 7;1005 6;1006 6;1007 7;1008 6;1009 5;1010 6;1011 9;1012 6;1013 6;1014 7;1015 242;1016 6;1017 6;1018 7;1019 6;1020 6;1021 6;1022 6;1023 8;1024 6;1025 6;1026 7;1027 6;1028 6;1029 7;1030 7;1031 6;1032 6;1033 6;1034 6;1035 6;1036 6;1037 13;1038 84;1039 7;1040 5;1041 13;1042 6;1043 13;1044 13;1045 6;1046 11;1047 6;1048 12;1049 13;1050 15;1051 8;1052 332;1053 6;1054 6;1055 11;1056 11;1057 6;1058 6;1059 6;1060 6;1061 6;1062 7;1063 6;1064 7;1065 6;1066 6;1067 6;1068 6;1069 6;1070 6;1071 7;1072 6;1073 66;1074 15;1075 6;1076 6;1077 11;1078 6;1079 13;1080 6;1081 6;1082 6;1083 6;1084 6;1085 6;1086 6;1087 5;1088 6;1089 6;1090 6;1091 8;1092 6;1093 6;1094 7;1095 5;1096 6;1097 6;1098 6;1099 7;1100 6;1101 6;1102 6;1103 6;1104 7;1105 7;1106 7;1107 7;1108 7;1109 7;1110 6;1111 8;1112 7;1113 8;1114 8;1115 6;1116 7;1117 5;1118 7;1119 7;1120 7;1121 6;1122 6;1123 6;1124 6;1125 6;1126 7;1127 6;1128 7;1129 6;1130 7;1131 7;1132 7;1133 7;1134 8;1135 7;1136 7;1137 7;1138 6;1139 7;1140 7;1141 6;1142 7;1143 7;1144 7;1145 7;1146 6;1147 9;1148 8;1149 7;1150 7;1151 7;1152 6;1153 8;1154 6;1155 6;1156 7;1157 7;1158 6;1159 6;1160 7;1161 6;1162 7;1163 7;1164 6;1165 6;1166 6;1167 7;1168 5;1169 7;1170 5;1171 6;1172 6;1173 6;1174 6;1175 7;1176 6;1177 7;1178 6;1179 19;1180 110;1181 106;1182 7;1183 6;1184 7;1185 6;1186 6;1187 7;1188 6;1189 7;1190 6;1191 6;1192 6;1193 6;1194 6;1195 6;1196 6;1197 6;1198 6;1199 6;1200 6;1201 6;1202 6;1203 1025;1204 6;1205 6;1206 6;1207 6;1208 6;1209 6;1210 6;1211 6;1212 7;1213 6;1214 6;1215 6;1216 7;1217 6;1218 6;1219 7;1220 6;1221 6;1222 6;1223 6;1224 7;1225 6;1226 6;1227 6;1228 6;1229 6;1230 6;1231 6;1232 6;1233 7;1234 6;1235 6;1236 6;1237 6;1238 6;1239 6;1240 7;1241 5;1242 12;1243 7;1244 6;1245 6;1246 6;1247 7;1248 6;1249 6;1250 6;1251 6;1252 6;1253 6;1254 6;1255 6;1256 6;1257 6;1258 6;1259 6;1260 6;1261 6;1262 7;1263 6;1264 6;1265 5;1266 6;1267 6;1268 6;1269 6;1270 7;1271 5;1272 6;1273 6;1274 6;1275 6;1276 6;1277 6;1278 6;1279 6;1280 6;1281 6;1282 6;1283 5;1284 7;1285 6;1286 6;1287 6;1288 6;1289 6;1290 6;1291 7;1292 6;1293 6;1294 6;1295 7;1296 5;1297 6;1298 6;1299 