m = [10 0;11 0;12 0;13 0;14 0;15 0;16 0;17 0;18 0;19 0;20 0;21 0;22 0;23 0;24 0;25 0;26 1;27 0;28 0;29 1;30 0;31 0;32 0;33 0;34 0;35 0;36 0;37 0;38 0;39 0;40 0;41 0;42 1;43 0;44 0;45 1;46 0;47 1;48 1;49 1;50 0;51 0;52 0;53 0;54 29;55 0;56 57;57 1;58 1;59 0;60 1;61 0;62 1;63 0;64 0;65 20;66 1;67 1;68 1;69 1;70 1;71 1;72 1;73 1;74 1;75 1;76 1;77 1;78 1;79 2;80 1;81 1;82 1;83 2;84 1;85 1;86 6;87 1;88 2;89 1;90 1;91 1;92 1;93 1;94 6;95 3;96 2;97 2;98 2;99 1;100 1;101 2;102 1;103 2;104 2;105 2;106 2;107 2;108 2;109 2;110 3;111 2;112 3;113 2;114 2;115 2;116 1;117 3;118 2;119 2;120 2;121 2;122 3;123 2;124 2;125 3;126 3;127 3;128 2;129 3;130 3;131 3;132 3;133 3;134 3;135 3;136 3;137 30;138 3;139 4;140 4;141 3;142 3;143 4;144 3;145 4;146 3;147 0;148 4;149 4;150 3;151 4;152 4;153 4;154 4;155 5;156 5;157 4;158 4;159 5;160 5;161 5;162 5;163 5;164 4;165 1;166 5;167 5;168 5;169 5;170 5;171 5;172 6;173 5;174 5;175 5;176 6;177 5;178 5;179 6;180 8;181 6;182 6;183 7;184 6;185 6;186 5;187 6;188 26;189 6;190 6;191 7;192 7;193 6;194 6;195 6;196 7;197 7;198 7;199 6;200 8;201 6;202 7;203 7;204 7;205 7;206 7;207 8;208 8;209 8;210 7;211 8;212 7;213 7;214 8;215 22;216 9;217 8;218 8;219 8;220 8;221 9;222 8;223 22;224 58;225 9;226 8;227 8;228 12;229 9;230 9;231 10;232 9;233 9;234 9;235 10;236 9;237 10;238 8;239 11;240 11;241 13;242 10;243 10;244 10;245 10;246 10;247 10;248 10;249 11;250 12;251 11;252 12;253 10;254 11;255 12;256 13;257 11;258 11;259 11;260 12;261 12;262 12;263 12;264 15;265 12;266 13;267 12;268 11;269 13;270 13;271 12;272 27;273 14;274 13;275 13;276 13;277 18;278 21;279 13;280 14;281 22;282 19;283 20;284 96;285 26;286 15;287 16;288 22;289 14;290 15;291 15;292 14;293 14;294 15;295 16;296 16;297 17;298 20;299 17;300 15;301 17;302 15;303 22;304 17;305 17;306 17;307 17;308 17;309 17;310 17;311 16;312 17;313 35;314 18;315 18;316 18;317 18;318 17;319 18;320 18;321 18;322 17;323 17;324 19;325 18;326 22;327 19;328 19;329 18;330 18;331 19;332 19;333 20;334 18;335 19;336 20;337 20;338 20;339 24;340 20;341 23;342 39;343 21;344 21;345 21;346 20;347 20;348 33;349 35;350 25;351 22;352 22;353 23;354 21;355 23;356 23;357 21;358 20;359 25;360 24;361 22;362 21;363 22;364 23;365 24;366 25;367 22;368 25;369 23;370 22;371 23;372 23;373 24;374 25;375 24;376 22;377 24;378 23;379 25;380 24;381 24;382 26;383 26;384 26;385 26;386 26;387 30;388 29;389 26;390 25;391 27;392 27;393 28;394 27;395 216;396 28;397 28;398 26;399 26;400 27;401 29;402 30;403 30;404 28;405 30;406 31;407 29;408 28;409 33;410 27;411 30;412 31;413 31;414 31;415 33;416 29;417 31;418 33;419 31;420 30;421 34;422 29;423 30;424 32;425 32;426 29;427 32;428 33;429 35;430 35;431 33;432 35;433 32;434 34;435 32;436 36;437 33;438 35;439 36;440 34;441 38;442 34;443 36;444 38;445 35;446 34;447 36;448 33;449 38;450 33;451 36;452 35;453 39;454 38;455 35;456 36;457 36;458 39;459 35;460 35;461 35;462 35;463 38;464 38;465 41;466 37;467 38;468 39;469 41;470 34;471 39;472 35;473 39;474 41;475 41;476 40;477 43;478 47;479 37;480 44;481 45;482 42;483 37;484 43;485 43;486 42;487 45;488 44;489 46;490 45;491 41;492 49;493 46;494 46;495 41;496 51;497 43;498 48;499 47;500 45;501 48;502 49;503 41;504 47;505 46;506 47;507 46;508 48;509 44;510 52;511 47;512 49;513 48;514 57;515 52;516 47;517 49;518 49;519 54;520 52;521 46;522 51;523 46;524 46;525 53;526 53;527 51;528 49;529 57;530 50;531 53;532 47;533 57;534 46;535 62;536 53;537 50;538 57;539 56;540 59;541 58;542 83;543 63;544 99;545 132;546 706;547 58;548 58;549 62;550 51;551 49;552 58;553 59;554 57;555 61;556 60;557 61;558 61;559 59;560 66;561 67;562 62;563 59;564 64;565 67;566 60;567 58;568 65;569 60;570 63;571 63;572 67;573 73;574 84;575 81;576 90;577 80;578 85;579 83;580 78;581 67;582 63;583 65;584 61;585 75;586 69;587 75;588 77;589 74;590 68;591 71;592 75;593 64;594 71;595 74;596 71;597 65;598 66;599 75;600 61;601 68;602 77;603 75;604 69;605 77;606 73;607 71;608 68;609 75;610 104;611 91;612 93;613 95;614 99;615 79;616 83;617 84;618 144;619 91;620 73;621 73;622 76;623 64;624 84;625 76;626 83;627 84;628 92;629 87;630 85;631 120;632 86;633 88;634 167;635 101;636 82;637 85;638 77;639 302;640 79;641 88;642 84;643 89;644 76;645 93;646 82;647 76;648 92;649 72;650 95;651 89;652 107;653 92;654 89;655 96;656 88;657 93;658 90;659 119;660 134;661 93;662 92;663 88;664 90;665 86;666 87;667 91;668 103;669 87;670 102;671 93;672 99;673 90;674 100;675 103;676 117;677 96;678 101;679 93;680 102;681 99;682 109;683 99;684 94;685 104;686 128;687 80;688 102;689 98;690 97;691 112;692 120;693 111;694 138;695 102;696 123;697 116;698 110;699 101;700 149;701 153;702 313;703 127;704 164;705 165;706 128;707 95;708 120;709 107;710 112;711 108;712 144;713 135;714 126;715 152;716 118;717 119;718 295;719 117;720 92;721 114;722 137;723 162;724 176;725 493;726 216;727 501;728 213;729 241;730 122;731 101;732 117;733 141;734 135;735 172;736 277;737 142;738 143;739 395;740 146;741 13;742 137;743 140;744 150;745 133;746 135;747 127;748 119;749 147;750 111;751 142;752 131;753 150;754 136;755 149;756 103;757 146;758 137;759 189;760 129;761 135;762 153;763 131;764 164;765 138;766 133;767 147;768 149;769 128;770 155;771 138;772 115;773 145;774 155;775 150;776 225;777 139;778 144;779 161;780 155;781 163;782 155;783 140;784 176;785 177;786 165;787 141;788 152;789 152;790 170;791 203;792 153;793 166;794 183;795 160;796 182;797 163;798 159;799 170;800 210;801 382;802 155;803 478;804 185;805 171;806 180;807 177;808 160;809 182;810 181;811 170;812 190;813 182;814 173;815 179;816 179;817 197;818 178;819 160;820 131;821 158;822 182;823 189;824 181;825 157;826 182;827 142;828 259;829 186;830 191;831 175;832 169;833 596;834 721;835 201;836 318;837 206;838 201;839 197;840 210;841 144;842 177;843 206;844 222;845 211;846 210;847 227;848 215;849 190;850 196;851 205;852 203;853 215;854 198;855 212;856 198;857 305;858 191;859 225;860 211;861 189;862 178;863 211;864 238;865 222;866 197;867 224;868 222;869 220;870 214;871 163;872 182;873 234;874 218;875 200;876 849;877 229;878 337;879 251;880 260;881 240;882 215;883 170;884 248;885 216;886 240;887 241;888 241;889 242;890 226;891 235;892 250;893 233;894 271;895 250;896 216;897 231;898 229;899 242;900 238;901 222;902 216;903 254;904 253;905 245;906 245;907 261;908 258;909 235;910 248;911 264;912 261;913 259;914 269;915 262;916 241;917 268;918 266;919 246;920 265;921 254;922 372;923 365;924 251;925 261;926 249;927 218;928 265;929 236;930 247;931 223;932 289;933 284;934 262;935 292;936 273;937 279;938 219;939 275;940 244;941 252;942 368;943 220;944 292;945 230;946 263;947 266;948 299;949 316;950 416;951 288;952 641;953 265;954 258;955 260;956 281;957 306;958 288;959 301;960 296;961 293;962 219;963 266;964 323;965 266;966 284;967 293;968 286;969 320;970 303;971 305;972 309;973 319;974 294;975 303;976 349;977 304;978 301;979 280;980 290;981 296;982 278;983 315;984 332;985 271;986 253;987 344;988 325;989 288;990 342;991 293;992 230;993 321;994 330;995 342;996 351;997 316;998 326;999 323;];