x = [
1
2
3
4
5
6
7
8
9
10
11
];

crucesConstructiva = [
0
0
0
3
1
20
26
146
126
392
316
];

crucesExacto = [
0
0
0
3
1
20
24
135
113
361
303
];

crucesGrasp = [
0
0
0
3
1
20
24
135
113
361
303
];

crucesLocal = [
0
0
0
3
1
20
24
135
113
361
303
];
