operSinPoda=[34
70
136
262
508
851
1648
2544
5696
8248
13846
14829
24962
35809
26798
160647
70084
249467
137706
199356
589888
351208
681572
673258
829344
1491698
1549432
669516
3779562
2115395
1284032
12133820
9424636
10099448
7085886
29458637
15771482
28484983
198944632
50916620
14625546
33034027
260693482
14987413
135265650
384337050
370018902
16113940
469629964
133731497
607985458
279099826
1023665594
37247530
5869227448
2615234859
2425976630
3155796533
3155926952];

operConPoda=[47
85
150
271
504
793
1531
2296
5190
7105
11537
10927
18247
23546
16364
117732
56615
156113
87185
159654
444005
245630
390601
377676
475514
826165
762053
434910
2626041
992634
723308
5575411
4591979
5439684
3928560
18497504
11508101
17672446
108481554
24218862
7397004
13439444
106988660
9284292
66355071
176470741
195587783
6404501
323894489
78048312
348167663
87041289
387247687
15194685
2423468504
1718263032
1022235031
1563918404
1343047517];