tiempos = [
0.00019723177107705029622
8.8000011174604587895e-05
9.3307948356564874778e-05
0.00022013971049393148442
0.00018717462694280978118
0.00023718098249917238122
0.00028215876598841475083
0.00041234290950386155022
0.00082692073992644311853
0.00076713660535068003282
0.00089983503489968696097
0.0012599366679284657033
0.0014834287598004774859
0.0026562035118988585811
0.0022505653651511575188
0.0027224130441159421524
0.0029121019570923119268
0.0032054353276743273102
0.0054501340254138443478
0.0051101466806535468523
0.0065237341617440207375
0.0073730041108576649042
0.0083222867710840350841
0.010159950496501649747
0.010639620398681956179
0.012305474578472962513
0.013470427107355823979
0.015787760734953745073
0.020871926459927168246
0.01969328504041714667
0.021030326480041456466
0.024945349199409421609
0.026942809770515527973
0.036488715744598824997
0.03129755318064167402
0.035389972747933047537
0.041418392561065719981
0.046307282070765974635
0.049515511049588706305
0.052767041621211631386
0.05529781019654732982
0.061418699862692043012
0.074848060298166388393
0.078161609925283800915
0.077655679702308536005
0.079862943474659484067
0.085585179121927507095
0.09219523710415709894
0.11085654741035522175
];
