tiempos = [
0.00030478734029045590967
0.00016650160844464869238
0.0016641779891019669712
0.0043011053080768647458
0.014807747912094973777
0.010499099745917428103
0.071815551976578032023
0.069639297731974317274
0.1389810716166440252
0.21214595709789932365
0.37058061848642775971
0.53541581402105575815
0.7975901965193900045
0.23597943314024547035
0.84463584058867813287
0.65236000664888971201
0.84965295868609003183
0.7583393978843679939
3.6441181770308794796
2.228549159180845507
6.8128306809943719458
5.419267532605401172
9.7008368382015035536
3.1231340854773441684
14.858588172519132442
3.0903855098902233145
9.338917376370460488
19.872474853647599247
12.565468516249969966
15.930821095977282909
45.162446344437633172
17.878082270232670936
52.589176277990638653
10.74523912955417515
9.2184501102793792171
29.926787343084107818
18.148788463338217269
10.421045691561356961
32.582772391463159067
107.86161900465003782
78.092979694346624342
16.46234172220212244
83.01615652268654344
46.042183294245496938
12.338796131910619636
313.09105486870538471
70.080311324483972157
129.75819133437349251
76.599490438030528594
];
