tiempos = [
0.00021343494773777113203
0.00014024128764968731443
0.00014135874810904737768
0.00042128259317874200201
0.00038971433520182033718
0.00053246990888506783458
0.00075037469846027913829
0.00094732710442248940514
0.0020698161358496682503
0.0019921526339241441526
0.0026224003330032170066
0.002951213073169913978
0.0033870226523203370191
0.0062963309582642484896
0.0061275944289008801857
0.0071171056656642115584
0.0079174867196808527275
0.0092908456242343645526
0.012956395296050195534
0.015383240048665402719
0.01614367189125992183
0.017907862591474615899
0.018709640471065457079
0.026622936714023708038
0.027766657494178729332
0.02898887987160379473
0.033667966180059197279
0.03615627125793920843
0.046574913850782710678
0.048591091884583097193
0.05025219685742182002
0.054762546636513857734
0.056838229439775164731
0.075471882599604134256
0.073499285523718801971
0.078847451282216041157
0.087223655520464196678
0.090415960687741034341
0.11808148801034767938
0.11598401472812885915
0.12352631409857957323
0.13840362392426969196
0.13863326204866818769
0.16797134831382201647
0.16636751318952547329
0.18454300756101682524
0.17719067646865732657
0.20113561919182465498
0.23971398599542678709
];
