opers=[84887 86543 88215 89903 91607 93327 95063 96815 98583 100367 102167 103983 105815 107663 109527 111407 113303 115215 117143 119087 121047 123023 125015 127023 129047 131087 133143 135215 137303 139407 141527 143663 145815 147983 150167 152367 154583 156815 159063 161327 163607 165903 168215 170543 172887 175247 177623 180015 182423 184847 187287 189743 192215 194703 197207 199727 202263 204815 207383 209967 212567 215183 217815 220463 223127 225807 228503 231215 233943 236687 239447 242223 245015 247823 250647 253487 256343 259215 262103 265007 267927 270863 273815 276783 279767 282767 285783 288815 291863 294927 298007 301103 304215 307343 310487 313647 316823 320015 323223 326447 329687 332943 336215 339503 342807 346127 349463 352815 356183 359567 362967 366383 369815 373263 376727 380207 383703 387215 390743 394287 397847 401423 405015 408623 412247 415887 419543 423215 426903 430607 434327 438063 441815 445583 449367 453167 456983 460815 464663 468527 472407 476303 480215 484143 488087 492047 496023 500015 504023 508047 512087 516143 520215 524303 528407 532527 536663 540815 544983 549167 553367 557583 561815 566063 570327 574607 578903 583215 587543 591887 596247 600623 605015 609423 613847 618287 622743 627215 631703 636207 640727 645263 649815 654383 658967 663567 668183 672815 677463 682127 686807 691503 696215 700943 705687 710447 715223 720015 724823 729647 734487 739343 744215 749103 754007 758927 763863 768815 773783 778767 783767 788783 793815 798863 803927 809007 814103 819215 824343 829487 834647 839823 845015 850223 855447 860687 865943 871215 876503 881807 887127 892463 897815 903183 908567 913967 919383 924815 930263 935727 941207 946703 952215 957743 963287 968847 974423 980015 985623 991247 996887 1002543 1008215 1013903 1019607 1025327 1031063 1036815 1042583 1048367 1054167 1059983 1065815 1071663 1077527 1083407 1089303 1095215 1101143 1107087 1113047 1119023 1125015 1131023 1137047 1143087 1149143 1155215 1161303 1167407 1173527 1179663 1185815 1191983 1198167 1204367 1210583 1216815 1223063 1229327 1235607 1241903 1248215 1254543 1260887 1267247 1273623 1280015 1286423 1292847 1299287 1305743 1312215 1318703 1325207 1331727 1338263 1344815 1351383 1357967 1364567 1371183 1377815 1384463 1391127 1397807 1404503 1411215 1417943 1424687 1431447 1438223 1445015 1451823 1458647 1465487 1472343 1479215 1486103 1493007 1499927 1506863 1513815 1520783 1527767 1534767 1541783 1548815 1555863 1562927 1570007 1577103 1584215 1591343 1598487 1605647 1612823 1620015 1627223 1634447 1641687 1648943 1656215 1663503 1670807 1678127 1685463 1692815 1700183 1707567 1714967 1722383 1729815 1737263 1744727 1752207 1759703 1767215 1774743 1782287 1789847 1797423 1805015 1812623 1820247 1827887 1835543 1843215 1850903 1858607 1866327 1874063 1881815 1889583 1897367 1905167 1912983 1920815 1928663 1936527 1944407 1952303 1960215 1968143 1976087 1984047 1992023 2000015 2008023 2016047 2024087 2032143 2040215 2048303 2056407 2064527 2072663 2080815 2088983 2097167 2105367 2113583 2121815 2130063 2138327 2146607 2154903 2163215 2171543 2179887 2188247 2196623 2205015 2213423 2221847 2230287 2238743 2247215 2255703 2264207 2272727 2281263 2289815 2298383 2306967 2315567 2324183 2332815 2341463 2350127 2358807 2367503 2376215 2384943 2393687 2402447 2411223 2420015 2428823 2437647 2446487 2455343 2464215 2473103 2482007 2490927 2499863 2508815 2517783 2526767 2535767 2544783 2553815 2562863 2571927 2581007 2590103 2599215 2608343 2617487 2626647 2635823 2645015 2654223 2663447 2672687 2681943 2691215 2700503 2709807 2719127 2728463 2737815 2747183 2756567 2765967 2775383 2784815 2794263 2803727 2813207 2822703 2832215 2841743 2851287 2860847 2870423 2880015 2889623 2899247 2908887 2918543 2928215 2937903 2947607 2957327 2967063 2976815 2986583 2996367 3006167 3015983 3025815 3035663 3045527 3055407 3065303 3075215 3085143 3095087 3105047 3115023 3125015 3135023 3145047 3155087 3165143 3175215 3185303 3195407 3205527 3215663 3225815 3235983 3246167 3256367 3266583 3276815 3287063 3297327 3307607 3317903 3328215 3338543 3348887 3359247 3369623 3380015 3390423 3400847 3411287 3421743 3432215 3442703 3453207 3463727 3474263 3484815 3495383 3505967 3516567 3527183 3537815 3548463 3559127 3569807 3580503 3591215 3601943 3612687 3623447 3634223 3645015 3655823 3666647 3677487 3688343 3699215 3710103 3721007 3731927 3742863 3753815 3764783 3775767 3786767 3797783 3808815 3819863 3830927 3842007 3853103 3864215 3875343 3886487 3897647 3908823 3920015 3931223 3942447 3953687 3964943 3976215 3987503 3998807 4010127 4021463 4032815 4044183 4055567 4066967 4078383 4089815 4101263 4112727 4124207 4135703 4147215 4158743 4170287 4181847 4193423 4205015 4216623 4228247 4239887 4251543 4263215 4274903 4286607 4298327 4310063 4321815 4333583 4345367 4357167 4368983 4380815 4392663 4404527 4416407 4428303 4440215 4452143 4464087 4476047 4488023 4500015 4512023 4524047 4536087 4548143 4560215 4572303 4584407 4596527 4608663 4620815 4632983 4645167 4657367 4669583 4681815 4694063 4706327 4718607 4730903 4743215 4755543 4767887 4780247 4792623 4805015 4817423 4829847 4842287 4854743 4867215 4879703 4892207 4904727 4917263 4929815 4942383 4954967 4967567 4980183 4992815 5005463 5018127 5030807 5043503 5056215 5068943 5081687 5094447 5107223 5120015 5132823 5145647 5158487 5171343 5184215 5197103 5210007 5222927 5235863 5248815 5261783 5274767 5287767 5300783 5313815 5326863 5339927 5353007 5366103 5379215 5392343 5405487 5418647 5431823 5445015 5458223 5471447 5484687 5497943 5511215 5524503 5537807 5551127 5564463 5577815 5591183 5604567 5617967 5631383 5644815 5658263 5671727 5685207 5698703 5712215 5725743 5739287 5752847 5766423 5780015 5793623 5807247 5820887 5834543 5848215 5861903 5875607 5889327 5903063 5916815 5930583 5944367 5958167 5971983 5985815 5999663 6013527 6027407 6041303 6055215 6069143 6083087 6097047 6111023 6125015 6139023 6153047 6167087 6181143 6195215 6209303 6223407 6237527 6251663 6265815 6279983 6294167 6308367 6322583 6336815 6351063 6365327 6379607 6393903 6408215 6422543 6436887 6451247 6465623 6480015 6494423 6508847 6523287 6537743 6552215 6566703 6581207 6595727 6610263 6624815 6639383 6653967 6668567 6683183 6697815 6712463 6727127 6741807 6756503 6771215 6785943 6800687 6815447 6830223 6845015 6859823 6874647 6889487 6904343 6919215 6934103 6949007 6963927 6978863 6993815 7008783 7023767 7038767 7053783 7068815 7083863 7098927 7114007 7129103 7144215 7159343 7174487 7189647 7204823 7220015 7235223 7250447 7265687 7280943 7296215 7311503 7326807 7342127 7357463 7372815 7388183 7403567 7418967 7434383 7449815 7465263 7480727 7496207 7511703 7527215 7542743 7558287 7573847 7589423 7605015 7620623 7636247 7651887 7667543 7683215 7698903 7714607 7730327 7746063 7761815 7777583 7793367 7809167 7824983 7840815 7856663 7872527 7888407 7904303 7920215 7936143 7952087 7968047 7984023 8000015 8016023 8032047 ];